-1	-1	0.966993613389
-1	+1	0.591080073785
+1	-1	0.5450401117
+1	-1	0.553671324331
+1	+1	0.61724399288
-1	-1	0.816267518562
-1	-1	0.813800127826
+1	+1	0.634285182941
+1	+1	0.652794029322
+1	+1	0.546741846999
-1	-1	0.971013210109
+1	+1	0.809084900958
-1	-1	0.9667213006
+1	+1	0.724700837722
+1	-1	0.533105904084
+1	-1	0.784453806361
-1	-1	0.882672733083
+1	+1	0.672288243718
+1	+1	0.742164665429
-1	-1	0.659651730848
+1	+1	0.967567512655
+1	+1	0.541732539296
-1	-1	0.547670490773
-1	+1	0.696619359698
+1	+1	0.962933088949
-1	-1	0.669797083535
-1	-1	0.870357896615
-1	+1	0.923752400919
-1	-1	0.651501136668
-1	-1	0.709512261984
-1	-1	0.700643541668
+1	+1	0.627081024951
-1	+1	0.524642923632
-1	-1	0.888325219117
-1	-1	0.823431863111
-1	+1	0.575077440612
-1	-1	0.643502053293
-1	-1	0.571845268346
-1	-1	0.634581545182
-1	-1	0.558761207505
-1	+1	0.590324751716
+1	+1	0.574954701704
-1	+1	0.527825783973
-1	-1	0.732752130678
+1	+1	0.693119549951
+1	+1	0.92836673913
-1	-1	0.631766882396
-1	+1	0.755162397379
-1	-1	0.813016293953
-1	-1	0.847894419588
+1	+1	0.687453821614
-1	-1	0.677975619654
-1	-1	0.832173944879
+1	+1	0.633260564197
+1	+1	0.54085522409
-1	-1	0.679042083218
+1	-1	0.642101314
-1	-1	0.762030357294
+1	+1	0.615767949754
+1	-1	0.831925572797
-1	+1	0.677412091931
+1	+1	0.829358473055
+1	+1	0.685129684215
+1	+1	0.54517037625
+1	+1	0.525567642676
+1	+1	0.953206544828
+1	-1	0.974641091047
-1	-1	0.847284461095
-1	-1	0.717902323093
+1	+1	0.914627154358
+1	+1	0.894609980101
+1	-1	0.528839678467
+1	+1	0.875089652029
-1	-1	0.745280842657
-1	-1	0.842815813665
-1	-1	0.878827067498
-1	+1	0.793313985517
-1	-1	0.883107629335
-1	-1	0.798385237189
-1	-1	0.578894272522
+1	-1	0.524880494045
-1	-1	0.574598224742
-1	-1	0.819990815099
+1	+1	0.622502073989
-1	-1	0.70097550696
-1	-1	0.581026503426
+1	-1	0.525086294251
+1	+1	0.878363010083
+1	+1	0.892722651489
-1	+1	0.5117073085
-1	-1	0.791008391105
-1	+1	0.779584430783
+1	-1	0.874171156362
+1	+1	0.776266434619
-1	-1	0.82303814283
+1	-1	0.799943610251
-1	-1	0.565625210358
+1	-1	0.763908102693
+1	-1	0.799097425874
-1	-1	0.649510738453
-1	-1	0.715842187019
+1	+1	0.507917728092
+1	+1	0.714432330189
+1	-1	0.581588171235
+1	+1	0.551830300638
-1	-1	0.608134719751
-1	-1	0.606910745035
+1	+1	0.693611992521
+1	+1	0.599272175164
-1	-1	0.950055177584
+1	+1	0.812192911277
-1	-1	0.69117940215
+1	-1	0.515385125086
-1	-1	0.804990552444
+1	-1	0.574268053489
-1	-1	0.841546193038
-1	-1	0.673140839272
+1	+1	0.550224386579
-1	+1	0.769266017791
+1	-1	0.652163516958
+1	+1	0.877825772066
+1	+1	0.503408673685
-1	+1	0.520018320941
+1	-1	0.692197655028
+1	+1	0.735432510522
+1	-1	0.530115148276
-1	+1	0.555998892927
+1	-1	0.962664424922
+1	+1	0.681949709396
-1	-1	0.560047137967
+1	-1	0.838529225424
-1	+1	0.6413040123
-1	+1	0.559666871877
-1	-1	0.559342705531
-1	-1	0.733232688034
-1	+1	0.615636119854
-1	-1	0.657034774425
-1	-1	0.551967422056
+1	+1	0.808971912441
-1	+1	0.630428692485
-1	-1	0.567999102832
-1	+1	0.787094128121
+1	+1	0.676284415671
+1	+1	0.728916401272
+1	-1	0.680143842912
+1	+1	0.886833710613
-1	+1	0.776795654511
+1	+1	0.821495478966
-1	-1	0.656544696725
+1	-1	0.826744223892
+1	+1	0.643898982204
-1	+1	0.520244118053
-1	-1	0.750155328781
-1	-1	0.839391559837
-1	-1	0.866280523453
-1	-1	0.926969619371
-1	-1	0.814592379336
-1	-1	0.588445247142
+1	-1	0.771860836271
-1	-1	0.691213727745
-1	-1	0.668344324633
-1	-1	0.817113751225
+1	+1	0.898955994499
+1	-1	0.768117178389
-1	-1	0.892833067225
-1	+1	0.617240400961
+1	+1	0.523764276607
+1	-1	0.531662230172
-1	-1	0.925137082846
-1	+1	0.872926805802
-1	-1	0.923365871764
+1	+1	0.675727080148
-1	-1	0.563438749575
+1	+1	0.745660591356
-1	+1	0.606899082126
+1	-1	0.873965186157
+1	+1	0.806090848689
-1	+1	0.528474139378
+1	-1	0.719032617155
-1	-1	0.73013800444
-1	-1	0.789195167783
-1	-1	0.799285175226
-1	+1	0.614250848383
+1	-1	0.671833153354
-1	-1	0.786662067344
-1	+1	0.871950419318
-1	+1	0.90052015911
+1	+1	0.673894860617
+1	+1	0.562879243879
-1	-1	0.85207006451
-1	+1	0.840353641571
-1	-1	0.623310633665
+1	+1	0.637198374302
+1	+1	0.743630549904
+1	+1	0.608176608797
-1	-1	0.934474290383
+1	-1	0.661328416702
+1	+1	0.910408341865
+1	+1	0.590277543845
+1	+1	0.603185380621
+1	+1	0.7790923782
-1	+1	0.791244835357
-1	+1	0.770661169894
-1	-1	0.613148177245
+1	+1	0.709158561747
+1	+1	0.822393278391
+1	+1	0.68599611972
-1	+1	0.572012054658
-1	-1	0.840849550326
-1	-1	0.740633913468
-1	-1	0.635389093603
-1	-1	0.631355583459
-1	-1	0.661743688198
-1	-1	0.71745786169
+1	+1	0.985309697655
+1	-1	0.679196025161
-1	+1	0.737208466134
+1	+1	0.798473896111
-1	+1	0.591050399953
+1	+1	0.985380110615
+1	+1	0.866016906566
-1	-1	0.920491318622
+1	+1	0.585230890856
+1	+1	0.851719884475
-1	+1	0.586703139156
-1	-1	0.868740905539
-1	+1	0.822598514643
-1	+1	0.549548405631
+1	+1	0.80465034116
-1	-1	0.567490043371
+1	-1	0.671281949584
-1	+1	0.637206635259
+1	-1	0.524675658279
-1	-1	0.662279176066
-1	-1	0.633362918106
-1	+1	0.814689845063
-1	-1	0.735056136553
-1	-1	0.769800075732
-1	-1	0.898326380664
+1	+1	0.842660961606
-1	-1	0.741421205442
+1	-1	0.732811137194
+1	-1	0.689963340483
+1	+1	0.61672371733
-1	+1	0.509305713317
+1	-1	0.521392750104
+1	+1	0.873528840934
-1	-1	0.638139863732
+1	+1	0.717553183825
+1	-1	0.717149617086
+1	+1	0.960220072487
+1	+1	0.90404064219
+1	+1	0.549085685818
+1	+1	0.663422294431
+1	+1	0.731092635871
-1	+1	0.705699775777
+1	+1	0.602272870288
-1	+1	0.727463218079
+1	+1	0.624939101402
-1	+1	0.810928732059
+1	-1	0.597198081346
+1	+1	0.749740051334
-1	+1	0.557582067879
-1	+1	0.779892420519
+1	+1	0.768767322523
+1	+1	0.701329227509
+1	-1	0.876580833772
-1	-1	0.550083920413
+1	+1	0.876658161157
-1	+1	0.522754211897
+1	+1	0.804514118244
-1	-1	0.775641544846
-1	-1	0.601699281951
-1	-1	0.760655622974
+1	-1	0.607982526328
+1	-1	0.533600287834
-1	-1	0.58768787354
+1	-1	0.818151098426
-1	-1	0.823685564831
+1	+1	0.732648396216
-1	-1	0.562967201945
+1	+1	0.882238797031
+1	-1	0.924924421673
-1	+1	0.706118460426
-1	-1	0.884118881129
-1	+1	0.955298962253
-1	-1	0.508056945412
-1	-1	0.61034689566
+1	+1	0.75803685741
-1	-1	0.722413469672
-1	-1	0.589879647307
+1	-1	0.858061200558
+1	-1	0.663267585163
-1	-1	0.73400425171
+1	+1	0.897519799399
+1	-1	0.501482366673
+1	+1	0.927794216143
-1	+1	0.624272603245
+1	+1	0.915704205139
-1	-1	0.664906735586
-1	+1	0.899842333867
-1	+1	0.654393319915
+1	+1	0.769665444725
+1	+1	0.800607178768
+1	+1	0.559480078495
+1	+1	0.907826578872
-1	-1	0.938598616327
+1	-1	0.606469549758
-1	-1	0.626478690893
+1	+1	0.832276047276
+1	-1	0.939048237642
-1	-1	0.644314054852
-1	+1	0.923096690483
+1	-1	0.565521971422
+1	-1	0.647695720741
+1	+1	0.939609836906
+1	+1	0.85069390152
-1	+1	0.572744097174
+1	-1	0.87887607114
-1	-1	0.635441022444
+1	-1	0.758964892482
+1	-1	0.708551338881
+1	-1	0.662573932595
-1	-1	0.780348917864
+1	-1	0.521436005872
+1	-1	0.716173485405
+1	-1	0.547575480892
-1	-1	0.624516200615
+1	+1	0.895416408549
-1	-1	0.706558292561
-1	-1	0.845764779738
+1	+1	0.974793744193
-1	-1	0.913876516592
-1	-1	0.953327640553
+1	+1	0.925916314702
+1	-1	0.631557787679
+1	+1	0.615516432988
+1	+1	0.571633369406
+1	+1	0.799958088883
-1	-1	0.910652899481
-1	+1	0.833837516934
+1	-1	0.527815904918
+1	+1	0.676672449276
-1	+1	0.938991956516
-1	-1	0.593325816103
-1	-1	0.857396205379
-1	-1	0.718255238144
+1	+1	0.519119616176
+1	+1	0.532531855965
-1	-1	0.665422953835
+1	-1	0.590789917793
+1	+1	0.634097977703
-1	-1	0.535806681087
-1	-1	0.582557644053
+1	+1	0.782794847821
-1	-1	0.542511471086
+1	+1	0.74199794027
-1	-1	0.706956628606
-1	-1	0.606901770653
+1	+1	0.688237935758
-1	-1	0.783031966048
+1	+1	0.85406666108
+1	-1	0.502946756111
+1	-1	0.692585907031
+1	+1	0.609317251972
+1	+1	0.736072039753
+1	+1	0.805840962142
+1	-1	0.7140982047
+1	+1	0.599955617346
+1	+1	0.60450971779
+1	+1	0.907018247881
-1	-1	0.646375665527
+1	+1	0.541457854516
+1	+1	0.549700527917
-1	-1	0.812170242013
-1	-1	0.971817976458
-1	-1	0.908648490829
+1	-1	0.683081939663
-1	+1	0.670151591519
-1	+1	0.626470382593
-1	-1	0.825693072202
-1	-1	0.515710036023
-1	+1	0.503946397054
+1	+1	0.894420757238
+1	+1	0.632735877435
+1	-1	0.626824557124
+1	-1	0.564331707714
-1	+1	0.592378007576
-1	-1	0.602447396835
+1	+1	0.723703481895
-1	-1	0.84875608198
+1	-1	0.548999894645
+1	-1	0.78267042293
-1	-1	0.760641046574
+1	+1	0.562616454042
-1	-1	0.742828728851
-1	+1	0.854660707562
+1	+1	0.704231157716
-1	+1	0.75835041879
-1	+1	0.54298359044
-1	-1	0.541591156905
-1	-1	0.757496589127
-1	+1	0.908936811286
+1	+1	0.520578098287
-1	-1	0.64621584673
-1	-1	0.792428433252
+1	+1	0.739097862034
+1	+1	0.631874338321
+1	+1	0.931647453205
-1	+1	0.951025701013
+1	+1	0.81131814565
-1	+1	0.565226397798
+1	+1	0.880014827139
-1	-1	0.726733005834
-1	-1	0.700525493645
-1	-1	0.811740550322
+1	-1	0.890944657023
-1	-1	0.820420881355
-1	-1	0.558706358781
-1	+1	0.750423484208
-1	+1	0.907750530753
+1	+1	0.733970712321
+1	+1	0.738156149578
+1	+1	0.72956876043
+1	+1	0.950043247695
-1	-1	0.535613921812
+1	-1	0.574211423774
+1	+1	0.554357331354
-1	+1	0.65597749778
-1	+1	0.900892535172
-1	-1	0.688951252755
-1	+1	0.531164529793
+1	-1	0.75910293682
+1	+1	0.765369844926
+1	+1	0.740641105938
+1	-1	0.885563001551
+1	+1	0.771366799686
-1	+1	0.787089462657
+1	-1	0.922650378929
+1	-1	0.71510707739
-1	-1	0.566348582885
-1	-1	0.699514176346
-1	+1	0.770104562961
+1	+1	0.528873389403
+1	-1	0.560964151037
-1	-1	0.564308496577
+1	+1	0.91242416137
+1	+1	0.743502206688
-1	-1	0.698314588917
+1	-1	0.61134985279
+1	-1	0.520028002501
-1	+1	0.628220152043
+1	+1	0.801963798704
+1	+1	0.796042372488
+1	-1	0.524512718295
-1	-1	0.963404501483
+1	+1	0.954462615844
-1	-1	0.537331108871
-1	+1	0.669578029929
-1	-1	0.970023028861
-1	-1	0.833914069499
-1	+1	0.550732208137
+1	-1	0.507183292197
-1	+1	0.734648642147
-1	+1	0.579848342166
+1	-1	0.55531275097
-1	+1	0.759831518217
+1	+1	0.712928457859
-1	-1	0.734689361962
+1	-1	0.51011830563
+1	-1	0.516988798131
+1	+1	0.756543328913
+1	-1	0.554421120414
-1	-1	0.58714271986
+1	+1	0.865300026841
-1	-1	0.540029137982
+1	-1	0.619387543191
-1	-1	0.84019136417
+1	+1	0.712243091182
+1	+1	0.591997350204
+1	+1	0.595645233942
-1	-1	0.744412193234
-1	-1	0.818206089629
+1	-1	0.554709296395
+1	+1	0.779628444794
-1	+1	0.876871520648
+1	+1	0.676492506555
-1	-1	0.517163515186
+1	+1	0.720689103667
+1	+1	0.830642761955
-1	+1	0.812734040372
+1	-1	0.660620739542
+1	+1	0.903871130443
+1	-1	0.550354682906
+1	+1	0.691150356741
+1	+1	0.597089242126
+1	+1	0.910432727796
-1	-1	0.877678622222
+1	-1	0.570793650676
-1	-1	0.894457056717
+1	+1	0.802267902663
-1	+1	0.752750350481
+1	-1	0.50142486479
-1	+1	0.888115095664
-1	+1	0.567218063413
+1	+1	0.767428615599
+1	+1	0.824229252463
-1	-1	0.703549005267
+1	+1	0.766718245026
-1	+1	0.598936546813
+1	+1	0.954096425709
+1	+1	0.817018439514
+1	+1	0.520076225664
-1	+1	0.604280076362
+1	+1	0.717150963537
+1	+1	0.862390990097
-1	-1	0.571652099467
+1	-1	0.583534927171
+1	+1	0.890749672204
-1	+1	0.542134521038
-1	-1	0.695462855696
+1	+1	0.626975573472
-1	-1	0.874405379723
+1	+1	0.61521846828
-1	-1	0.899042379573
+1	+1	0.625281672609
-1	-1	0.769529327165
+1	+1	0.954723801264
+1	-1	0.542797650985
-1	+1	0.540767752756
+1	+1	0.622281736618
-1	-1	0.750037160823
-1	-1	0.772451497996
-1	-1	0.720154806314
+1	-1	0.786570846536
-1	-1	0.975833521633
+1	+1	0.973520921042
+1	-1	0.630063729162
+1	+1	0.551249994456
-1	+1	0.546873769787
-1	-1	0.631068552813
-1	-1	0.575986865274
-1	-1	0.96221490422
+1	+1	0.939755798609
-1	-1	0.740566216451
-1	-1	0.747384053993
-1	-1	0.90428530979
+1	+1	0.517203346997
+1	+1	0.667515776355
-1	+1	0.651652238267
+1	+1	0.50227432357
+1	+1	0.993597524869
-1	+1	0.675259308905
-1	+1	0.727242405112
+1	+1	0.859452831171
-1	-1	0.689725651156
-1	+1	0.60910287819
-1	-1	0.96899615519
-1	-1	0.964752177674
-1	+1	0.628096686512
-1	+1	0.708712404505
+1	+1	0.896272880212
-1	-1	0.549374382977
+1	+1	0.513266400641
+1	+1	0.743948872711
+1	-1	0.548948091407
-1	-1	0.841303941103
-1	-1	0.86417444617
-1	-1	0.608435953282
+1	+1	0.920407639348
-1	+1	0.52020274816
+1	+1	0.60797784184
-1	-1	0.551841615357
+1	+1	0.71190652121
+1	+1	0.882549157121
+1	+1	0.7315887707
-1	-1	0.586207242532
+1	+1	0.580586624937
+1	-1	0.967801232865
+1	+1	0.952637261098
-1	-1	0.78849543221
-1	-1	0.823555722921
+1	-1	0.649253860121
-1	-1	0.53998404143
+1	+1	0.719190013497
-1	+1	0.570007053223
+1	+1	0.860819112755
+1	+1	0.521678843114
+1	-1	0.514732218405
-1	+1	0.708921442217
-1	-1	0.767706589051
-1	-1	0.664564541118
+1	+1	0.650832934311
-1	+1	0.822825088782
-1	-1	0.642656571822
-1	-1	0.634648471344
-1	-1	0.791795686867
-1	-1	0.707808803922
-1	-1	0.669190101338
+1	+1	0.734157240555
+1	-1	0.739955249176
+1	+1	0.526111858056
-1	+1	0.559559119735
+1	-1	0.501839110926
-1	-1	0.576665207132
+1	-1	0.634775134533
+1	+1	0.682547039568
+1	+1	0.904268448994
+1	+1	0.649271575659
+1	+1	0.631165377607
+1	+1	0.852127205414
-1	+1	0.693718909731
-1	+1	0.537371742152
-1	-1	0.833944811272
+1	-1	0.710847614069
-1	+1	0.506095468121
+1	-1	0.557160597056
-1	-1	0.548326502596
-1	+1	0.56803473048
+1	-1	0.630003883704
-1	-1	0.503617052979
+1	+1	0.557316322987
-1	+1	0.959544937967
-1	-1	0.701306586377
-1	-1	0.994414493178
-1	+1	0.931422475196
-1	+1	0.508628996803
-1	-1	0.677800272737
+1	-1	0.674543609084
-1	-1	0.698671085988
+1	+1	0.615447012126
+1	+1	0.635298792728
-1	-1	0.744962559907
+1	+1	0.733522830399
-1	+1	0.587376509869
+1	+1	0.818507793071
+1	+1	0.622404050636
-1	-1	0.771488738068
+1	-1	0.822511558946
-1	+1	0.640157838541
-1	-1	0.590238982707
+1	+1	0.747343257184
-1	+1	0.752194341115
-1	-1	0.6831502883
-1	-1	0.67372350866
+1	+1	0.605615874324
+1	+1	0.538455440514
+1	-1	0.553465524142
+1	-1	0.57917735266
-1	-1	0.957437370888
+1	-1	0.732583541781
+1	-1	0.667558269534
-1	-1	0.696996010854
-1	+1	0.558293224324
+1	+1	0.893528626153
-1	-1	0.597299195964
+1	+1	0.631763310103
-1	+1	0.67933055837
+1	+1	0.857511181362
-1	-1	0.681390838288
+1	+1	0.67836840693
+1	+1	0.571364857745
-1	-1	0.830476184394
+1	+1	0.662212202628
-1	+1	0.720594612326
+1	-1	0.747750352973
+1	-1	0.68616918315
+1	+1	0.74875003581
+1	+1	0.890986288903
-1	+1	0.628111857468
-1	+1	0.720566606905
+1	+1	0.71270329685
+1	+1	0.885868273246
+1	-1	0.659370598833
+1	+1	0.74253543136
+1	+1	0.590302938622
+1	+1	0.634547202024
-1	-1	0.830241159905
+1	+1	0.911113810615
+1	+1	0.526924375639
-1	-1	0.513542539686
-1	-1	0.725171618405
+1	+1	0.822087851901
+1	-1	0.603869283136
-1	+1	0.56711882826
-1	-1	0.605767133563
-1	-1	0.614807850302
+1	-1	0.6275797059
-1	-1	0.893181390104
-1	+1	0.508571454471
-1	-1	0.748057529844
-1	+1	0.53088109498
+1	+1	0.625961284259
-1	+1	0.605548218215
-1	-1	0.58014705897
-1	+1	0.853288842574
-1	-1	0.604691638206
-1	+1	0.686045854594
-1	+1	0.511194484691
-1	-1	0.594896355944
-1	-1	0.856624446083
-1	-1	0.6525364602
-1	-1	0.80733225252
+1	+1	0.597104343005
-1	+1	0.689719346127
+1	+1	0.692255655943
-1	-1	0.91536254528
-1	-1	0.906928418026
-1	-1	0.512376732732
-1	-1	0.971486326754
-1	-1	0.945155950624
+1	+1	0.830967176215
-1	+1	0.5899200781
+1	+1	0.668818089386
-1	+1	0.862572272067
-1	+1	0.503918264078
-1	+1	0.657833888994
-1	-1	0.753960381826
-1	-1	0.672366054015
+1	+1	0.771891360684
-1	-1	0.666537096237
+1	+1	0.533086971061
-1	-1	0.721022346564
-1	+1	0.598793683736
-1	-1	0.513594408104
-1	-1	0.597643665036
+1	+1	0.829740964694
+1	+1	0.845146035423
-1	-1	0.813998115996
+1	+1	0.688002088282
-1	-1	0.555953464855
-1	-1	0.889451984569
-1	-1	0.542512883049
-1	+1	0.915151443569
+1	+1	0.569125359115
+1	+1	0.884632440688
+1	+1	0.806510197587
+1	+1	0.713196416834
+1	+1	0.814870437841
-1	-1	0.790871366082
-1	+1	0.534003378034
-1	-1	0.788188373892
-1	-1	0.849281499957
-1	-1	0.557470024573
+1	+1	0.696413198972
+1	+1	0.913944847531
+1	+1	0.525016313317
-1	-1	0.636930606455
-1	-1	0.785092772942
-1	-1	0.5536819005
-1	-1	0.639859942827
+1	+1	0.843151260271
-1	-1	0.795048577586
+1	+1	0.755334987365
-1	-1	0.602863495412
-1	-1	0.793433354742
-1	-1	0.765681309339
-1	-1	0.600651435772
-1	-1	0.969227693156
-1	-1	0.961963697727
+1	-1	0.626399505789
-1	-1	0.536603596731
+1	+1	0.692074366106
+1	+1	0.513469989427
+1	+1	0.602110129024
-1	-1	0.537349609259
+1	+1	0.965844014134
+1	-1	0.835473242721
-1	-1	0.691934086648
-1	+1	0.602289962969
-1	-1	0.990464601265
-1	+1	0.559543139826
-1	-1	0.826578182995
-1	-1	0.81721199707
+1	+1	0.745377345426
+1	+1	0.975820966428
-1	+1	0.639329364205
-1	+1	0.658557748745
-1	+1	0.907032030972
-1	-1	0.652720530215
+1	-1	0.548329330418
+1	+1	0.537717951389
+1	+1	0.824008066873
+1	+1	0.894467593894
+1	-1	0.538216772698
-1	-1	0.896419792086
-1	-1	0.726886460961
+1	+1	0.692222375031
-1	-1	0.776754399502
-1	+1	0.501754904672
-1	+1	0.830303330865
+1	+1	0.795857282846
-1	+1	0.576294280789
-1	+1	0.817755733318
-1	-1	0.704985327794
-1	+1	0.516548341155
+1	+1	0.594389574438
-1	-1	0.657311278012
+1	+1	0.782475432337
-1	-1	0.556300427575
+1	+1	0.917892117316
+1	+1	0.722990351331
-1	-1	0.52162595002
-1	+1	0.504529541093
+1	-1	0.778214526326
+1	+1	0.621526145083
+1	-1	0.618724965856
-1	-1	0.555953464855
+1	-1	0.570353726693
+1	+1	0.918040977635
+1	+1	0.613217882441
-1	-1	0.599411023101
+1	+1	0.875479979135
+1	+1	0.865109338007
+1	+1	0.722532853111
+1	+1	0.580482513997
-1	-1	0.661712012753
-1	-1	0.53819567751
+1	+1	0.652145024508
+1	+1	0.727962776791
+1	+1	0.746776267071
+1	-1	0.699431228468
+1	+1	0.614384342188
+1	+1	0.929161712162
-1	-1	0.88475642919
+1	+1	0.892659349346
+1	+1	0.520829969246
+1	-1	0.600894062514
-1	-1	0.801944806522
+1	+1	0.887226571278
-1	-1	0.627628780189
-1	-1	0.882565911354
+1	-1	0.729100359196
-1	-1	0.533694963457
-1	-1	0.843217275301
-1	-1	0.59184925663
-1	+1	0.74986384579
+1	+1	0.597029986155
-1	+1	0.690560401516
+1	-1	0.796975816031
-1	-1	0.83441558684
+1	-1	0.85919275229
-1	-1	0.606902033798
+1	+1	0.781123254964
-1	-1	0.559311513758
-1	-1	0.925833406688
+1	+1	0.84508605388
+1	+1	0.519228937829
+1	+1	0.579239171756
+1	+1	0.904648409353
+1	+1	0.753410868321
-1	-1	0.787946816049
+1	+1	0.629188737492
-1	+1	0.506613457089
+1	-1	0.813847074755
+1	+1	0.698544080674
-1	+1	0.936052998584
-1	+1	0.562738881374
+1	-1	0.551720170532
+1	+1	0.611506673217
+1	-1	0.588047093274
+1	+1	0.734255732442
-1	-1	0.96881519598
-1	-1	0.606167944853
-1	-1	0.622927581611
-1	-1	0.555495655052
+1	+1	0.810089518674
+1	+1	0.678344166948
-1	-1	0.750748321261
+1	-1	0.514732218405
-1	+1	0.788192615018
-1	-1	0.760708882541
+1	+1	0.772827427714
-1	-1	0.619076413262
-1	-1	0.700081050666
-1	-1	0.831882523808
+1	-1	0.527875099378
-1	-1	0.779392509767
+1	+1	0.504511250089
+1	-1	0.708662903251
-1	+1	0.70539986051
+1	+1	0.909462546013
-1	-1	0.579622649415
-1	+1	0.919908278268
-1	-1	0.955514145917
+1	+1	0.54843283105
+1	-1	0.891938428713
+1	-1	0.685130353521
+1	+1	0.643604473578
+1	+1	0.977469921426
+1	+1	0.60311697532
-1	+1	0.846066139714
-1	-1	0.532514539722
+1	+1	0.743994784106
+1	+1	0.66955357641
-1	+1	0.562328155141
+1	+1	0.625331766998
-1	-1	0.852344548556
-1	+1	0.745252642539
-1	-1	0.812586575719
-1	+1	0.664292797474
-1	+1	0.74133283392
-1	+1	0.634867128925
+1	-1	0.89193202814
+1	+1	0.689518032981
-1	+1	0.709622437117
-1	+1	0.731323471301
+1	+1	0.518091990123
-1	+1	0.516001730327
-1	-1	0.683235473024
-1	-1	0.6278914979
-1	-1	0.814314946797
-1	-1	0.750855943924
-1	-1	0.938511027997
-1	-1	0.958116240579
+1	+1	0.509435516932
-1	-1	0.616273695089
-1	+1	0.582126954255
-1	+1	0.643463627592
+1	+1	0.756472489588
+1	+1	0.685013780809
-1	+1	0.543106953809
+1	+1	0.50391858828
-1	+1	0.513007116001
-1	-1	0.885708209868
-1	-1	0.890342665295
+1	+1	0.79981830044
+1	-1	0.845808123439
+1	+1	0.695776846213
+1	+1	0.68129458067
+1	+1	0.936423097909
-1	-1	0.859725110794
-1	-1	0.663476046903
+1	+1	0.642883984775
-1	-1	0.616904735369
+1	-1	0.834665167542
+1	+1	0.956100052334
-1	+1	0.70890471728
-1	+1	0.548085700906
+1	-1	0.558872342943
+1	+1	0.847516271573
+1	-1	0.74249338134
+1	-1	0.576684539181
-1	-1	0.721279827374
-1	+1	0.562578813796
-1	+1	0.653498195186
+1	-1	0.567247474337
-1	-1	0.647987923225
-1	-1	0.650667209877
-1	-1	0.614724354409
-1	-1	0.746718187151
+1	+1	0.858959859527
+1	-1	0.728091079154
-1	-1	0.564487397415
+1	+1	0.510327258355
-1	-1	0.94878731799
+1	+1	0.780575383999
+1	+1	0.767317152506
-1	-1	0.636990136469
+1	+1	0.560742825682
+1	+1	0.794707706041
+1	+1	0.661657571991
+1	+1	0.591679035793
-1	-1	0.686246072064
+1	-1	0.794902568167
+1	+1	0.851247803331
+1	+1	0.842533763448
-1	-1	0.700570735988
+1	-1	0.505883738683
+1	+1	0.636623360814
-1	-1	0.534230843361
-1	-1	0.884889629815
+1	-1	0.605912462212
-1	+1	0.816126786114
-1	-1	0.533055520807
-1	-1	0.750604656333
-1	-1	0.717519373871
+1	+1	0.733257573899
+1	+1	0.520490431411
+1	+1	0.654341519485
+1	+1	0.753041594675
-1	-1	0.672184000973
-1	-1	0.697277974769
-1	-1	0.712290593265
+1	+1	0.525647651779
-1	-1	0.983905743712
+1	+1	0.652747482169
+1	+1	0.506503721942
-1	-1	0.539801123401
+1	+1	0.827072539013
-1	+1	0.809391637521
-1	+1	0.549404217763
-1	+1	0.921181440916
-1	-1	0.727650047991
+1	+1	0.913644055867
+1	+1	0.835856787282
-1	+1	0.795105088954
-1	-1	0.903925004722
-1	-1	0.725915961074
-1	-1	0.871651119907
-1	-1	0.932008456775
+1	-1	0.834013805677
+1	-1	0.520106953039
+1	+1	0.731333471224
-1	+1	0.716327821949
+1	+1	0.642402900971
-1	-1	0.676038215401
+1	+1	0.648765239714
+1	-1	0.677636941557
-1	+1	0.727807118936
+1	+1	0.558667106051
-1	-1	0.778448823279
-1	-1	0.796492393088
+1	+1	0.519568206001
+1	+1	0.768240774159
-1	-1	0.659857047095
-1	+1	0.858671222617
+1	-1	0.590697332674
+1	+1	0.509207183587
-1	-1	0.623155730114
-1	+1	0.901002286014
+1	+1	0.57995611633
-1	-1	0.907019921323
-1	-1	0.778816560107
+1	+1	0.963183333514
-1	-1	0.668177996331
-1	+1	0.592501198372
+1	+1	0.670100796788
-1	-1	0.652982390787
-1	-1	0.878739761408
+1	-1	0.839185009527
+1	-1	0.595327437605
+1	-1	0.671469751701
-1	+1	0.574955156505
-1	-1	0.825053725563
-1	-1	0.937061998071
+1	-1	0.668508115114
+1	+1	0.757130764659
-1	-1	0.774670275796
-1	-1	0.945301383568
-1	-1	0.595598383017
-1	+1	0.711485711818
+1	+1	0.825435528487
-1	-1	0.958904121862
+1	+1	0.548046554386
-1	-1	0.959542094119
+1	+1	0.596668662522
-1	+1	0.687643305497
+1	-1	0.768304221351
-1	+1	0.54979731965
+1	+1	0.82078201251
+1	+1	0.980631737959
-1	-1	0.856705718872
+1	+1	0.592119318079
-1	-1	0.671030687327
+1	-1	0.607724387212
+1	+1	0.684244015414
-1	+1	0.939739625529
+1	+1	0.713075619027
-1	-1	0.888365333309
-1	-1	0.750692193374
+1	+1	0.6912561009
+1	+1	0.69713957689
+1	-1	0.769491478443
+1	+1	0.714023764136
-1	-1	0.572621285656
+1	+1	0.528084817753
-1	-1	0.736785098259
+1	-1	0.502757857276
-1	+1	0.881352019557
-1	+1	0.978774826479
+1	+1	0.736636060349
-1	-1	0.654281653302
-1	+1	0.73426019032
+1	-1	0.629900493788
+1	+1	0.869326949607
+1	-1	0.804269115867
-1	-1	0.500257075716
-1	-1	0.579825645959
-1	+1	0.645236177477
-1	-1	0.712191063115
+1	+1	0.680852604522
+1	+1	0.522359371268
-1	+1	0.823777737894
+1	-1	0.608436355241
+1	+1	0.637730514471
-1	+1	0.860864593679
+1	+1	0.560452115458
-1	+1	0.829023641105
+1	+1	0.852831590955
+1	-1	0.856072115816
+1	-1	0.555953464855
-1	-1	0.788654055404
+1	-1	0.581060270376
-1	-1	0.585100387087
+1	+1	0.926607518048
+1	-1	0.671357529006
+1	-1	0.68464127273
-1	-1	0.661704961301
-1	-1	0.849160699875
-1	+1	0.913078835098
+1	+1	0.972711833079
+1	+1	0.694891475984
-1	+1	0.592886485165
+1	+1	0.589439550207
-1	-1	0.566708472554
-1	+1	0.550743073873
-1	+1	0.966584122475
+1	+1	0.723595453346
+1	-1	0.597106663596
+1	+1	0.687272923473
+1	-1	0.578322217917
+1	-1	0.510384517791
+1	-1	0.597912090737
+1	+1	0.619820038062
+1	+1	0.684087292365
+1	+1	0.68956722974
+1	-1	0.592204638522
-1	-1	0.64800514864
+1	+1	0.979743764391
-1	+1	0.528182449675
+1	+1	0.90762003538
+1	-1	0.572913732652
-1	-1	0.803594457412
-1	+1	0.554898794565
+1	+1	0.730739170429
-1	-1	0.644226794098
+1	+1	0.509772316411
+1	-1	0.867944528118
-1	-1	0.861716577231
+1	-1	0.733671559445
+1	-1	0.741760547237
-1	-1	0.504506407284
-1	-1	0.643660321385
+1	+1	0.828623830278
-1	+1	0.502493944666
-1	+1	0.757976625871
+1	-1	0.504724116255
+1	+1	0.683379100031
-1	-1	0.795427319909
-1	-1	0.930888333255
+1	+1	0.563871490343
+1	-1	0.520529870459
-1	+1	0.941821012072
-1	+1	0.809974239981
+1	-1	0.717927599109
-1	-1	0.552752439308
+1	-1	0.555138764029
+1	+1	0.920223450771
+1	+1	0.701218900605
+1	-1	0.526291150165
+1	+1	0.537578794844
-1	-1	0.585976153041
+1	+1	0.96105214934
+1	-1	0.816978452741
+1	-1	0.501963471503
+1	-1	0.761476685616
-1	+1	0.689291033329
+1	+1	0.597635157378
-1	-1	0.516243390647
-1	-1	0.897893812831
-1	+1	0.582030405012
-1	-1	0.741994255611
+1	+1	0.692246687418
+1	+1	0.795616584607
-1	-1	0.775246163852
+1	+1	0.541330759448
-1	+1	0.829283309464
+1	-1	0.810933914668
-1	-1	0.630142232277
-1	-1	0.750914525558
+1	+1	0.73086860537
-1	+1	0.56778873642
+1	+1	0.615854409901
-1	-1	0.858302893058
+1	-1	0.503933766323
+1	+1	0.971033162156
-1	+1	0.659651662013
-1	-1	0.921163292855
-1	-1	0.932518271923
+1	-1	0.628672292592
+1	+1	0.56386154102
-1	-1	0.739862012463
-1	-1	0.822497015013
+1	+1	0.528042325124
+1	+1	0.586881011303
-1	-1	0.947210931683
-1	-1	0.665262957448
+1	+1	0.916359159745
+1	+1	0.524919665904
+1	-1	0.529018160119
-1	-1	0.951671589078
-1	-1	0.598726814384
+1	-1	0.914471307186
-1	+1	0.665320369411
+1	+1	0.939216074483
+1	+1	0.799480754954
-1	-1	0.957318130163
+1	-1	0.597676929762
-1	-1	0.884400093803
+1	+1	0.823554942485
+1	+1	0.742880094555
+1	-1	0.659485118622
-1	+1	0.563081764323
+1	+1	0.969365458044
-1	-1	0.862889682647
-1	-1	0.615482694838
-1	-1	0.536814605595
+1	+1	0.592866860761
+1	-1	0.618316698992
+1	+1	0.70491346336
+1	+1	0.50041046711
-1	-1	0.816440226129
-1	-1	0.611941412427
+1	+1	0.570735251699
+1	-1	0.719623735078
-1	-1	0.802323872468
+1	-1	0.64038600344
+1	+1	0.784390834622
-1	-1	0.782502539499
+1	-1	0.545781756813
-1	-1	0.691413846984
+1	-1	0.598517658876
+1	-1	0.512560322503
+1	+1	0.793190619522
-1	-1	0.834775060144
+1	+1	0.827779546046
+1	+1	0.526256380358
-1	-1	0.804383817474
+1	+1	0.948887489595
+1	+1	0.777192887376
+1	-1	0.677172319058
+1	+1	0.591759471853
-1	-1	0.54702798264
+1	+1	0.884809937919
+1	+1	0.606754042789
+1	+1	0.526612260473
-1	-1	0.898571742195
+1	+1	0.870816110943
+1	+1	0.80725784848
-1	+1	0.959973991587
+1	-1	0.629427302796
+1	+1	0.928590639259
+1	+1	0.675588042645
-1	-1	0.599284616706
-1	-1	0.716015718305
-1	-1	0.852263431997
-1	-1	0.718084872134
-1	-1	0.663706954953
+1	+1	0.621737323093
+1	+1	0.96558903714
+1	+1	0.542208897872
+1	+1	0.889182394573
+1	+1	0.948692916706
-1	-1	0.746907567661
-1	-1	0.714345818095
+1	+1	0.874501988309
+1	-1	0.530842770354
+1	+1	0.689824546357
-1	-1	0.745799970233
-1	+1	0.714977541681
-1	-1	0.930545355204
-1	-1	0.62950117326
-1	+1	0.634785313292
+1	-1	0.679473469966
+1	+1	0.660887738592
+1	+1	0.809564486489
-1	-1	0.691625299966
-1	-1	0.77636960442
+1	+1	0.649625259108
+1	+1	0.863107851675
+1	+1	0.55612698392
+1	+1	0.587542495035
+1	+1	0.567044199365
+1	+1	0.729252534751
-1	-1	0.640522744681
+1	+1	0.744883008107
-1	+1	0.852948857037
-1	+1	0.726417252157
+1	+1	0.805671321711
-1	-1	0.524289001579
-1	-1	0.940744953604
-1	-1	0.858966661434
+1	+1	0.561520045091
+1	+1	0.72720298285
-1	-1	0.515279553738
+1	+1	0.606023481634
+1	-1	0.731402111534
+1	-1	0.687594541828
-1	+1	0.538528339141
+1	+1	0.578358302285
-1	-1	0.679011659224
-1	+1	0.547797408917
-1	-1	0.605380524016
-1	+1	0.721692609339
-1	-1	0.719207739417
+1	-1	0.687214024404
+1	+1	0.679824791301
+1	+1	0.57039521569
-1	+1	0.67949627482
+1	-1	0.536020525771
+1	+1	0.918096926118
+1	-1	0.535584423331
-1	-1	0.714909022998
+1	+1	0.523286927218
+1	+1	0.711301815152
-1	-1	0.782314696471
-1	-1	0.738177556787
-1	-1	0.512651375963
+1	-1	0.781786410521
+1	+1	0.683603763817
+1	+1	0.907451193131
+1	+1	0.728039375905
+1	-1	0.828664323019
+1	-1	0.654499598924
-1	-1	0.791321553988
+1	-1	0.523241513771
+1	-1	0.540998605488
+1	+1	0.755465829167
-1	-1	0.701768922287
+1	+1	0.743650087359
-1	-1	0.547242696172
-1	-1	0.705561104846
+1	-1	0.937516625961
+1	-1	0.880727425042
+1	+1	0.92224869489
+1	-1	0.549930595985
+1	-1	0.909476379935
-1	+1	0.765599768812
-1	-1	0.501057604891
-1	-1	0.816293990619
+1	+1	0.824240903338
-1	-1	0.780901437829
-1	+1	0.627723831604
-1	-1	0.781047316399
-1	-1	0.970857485614
-1	+1	0.856749402733
+1	+1	0.772280736515
-1	+1	0.638206812937
-1	+1	0.733834891607
+1	-1	0.55966745946
-1	-1	0.678362667189
-1	-1	0.793456516086
-1	-1	0.874578505256
-1	-1	0.892072898527
+1	-1	0.882220512878
+1	+1	0.786434908943
+1	+1	0.716837762391
-1	-1	0.734086982701
+1	-1	0.689371529373
+1	-1	0.641196508401
-1	-1	0.768497114886
-1	-1	0.679640301624
+1	-1	0.626530239578
-1	-1	0.560157798824
+1	+1	0.904287349041
+1	+1	0.673918745799
+1	+1	0.683589572244
+1	+1	0.575812388799
+1	+1	0.935285496771
+1	-1	0.672879987344
+1	+1	0.699031564436
+1	-1	0.768746295133
-1	-1	0.61402064785
+1	+1	0.547356421547
-1	-1	0.732031361361
-1	-1	0.756517470117
+1	+1	0.845647971394
-1	-1	0.799205111232
+1	+1	0.891582305092
-1	-1	0.586115096521
+1	+1	0.753724464018
-1	+1	0.668191368333
+1	-1	0.58688861052
+1	-1	0.846931973405
+1	-1	0.673697441261
+1	+1	0.939879408133
-1	-1	0.769395107301
+1	+1	0.581799913641
-1	-1	0.740754185776
-1	+1	0.570151116315
-1	-1	0.632370347083
+1	+1	0.636145803212
-1	-1	0.687442192926
-1	-1	0.929875498509
+1	+1	0.607536623883
-1	+1	0.633689655341
+1	+1	0.836500755254
-1	-1	0.86909744912
-1	-1	0.618426686063
+1	+1	0.784155782157
-1	+1	0.946675238052
-1	-1	0.547208079465
+1	+1	0.81793129084
-1	+1	0.666605345214
-1	+1	0.742708046232
-1	+1	0.612396099219
+1	+1	0.719306092337
-1	-1	0.645576059369
+1	-1	0.823932823392
+1	+1	0.875722489507
-1	-1	0.718504681884
-1	+1	0.531383533701
+1	-1	0.523429940624
-1	+1	0.502576107455
-1	-1	0.686078820167
+1	+1	0.638190512879
+1	+1	0.696224057739
+1	+1	0.679572228678
-1	+1	0.574064816201
-1	-1	0.878085731042
+1	+1	0.531588215505
+1	+1	0.882371591422
-1	-1	0.931804898672
+1	+1	0.892879033264
+1	-1	0.598279468756
+1	+1	0.641148418727
+1	+1	0.819933748759
-1	-1	0.810511218784
-1	-1	0.510704962745
+1	+1	0.929931537882
-1	+1	0.572745677092
+1	+1	0.866901279709
+1	+1	0.981557120691
-1	-1	0.689117136877
-1	-1	0.573709967362
+1	-1	0.730794440446
-1	+1	0.796636832314
+1	+1	0.954826909021
+1	+1	0.830302559063
+1	+1	0.58177532854
+1	-1	0.676682525248
+1	+1	0.636010606973
-1	-1	0.630086600143
+1	+1	0.587784705892
+1	+1	0.906843078667
+1	+1	0.801107901004
-1	-1	0.607298424156
+1	+1	0.683406992193
-1	-1	0.634737622343
+1	+1	0.770109886692
-1	-1	0.972404924822
-1	-1	0.701533881569
-1	-1	0.662782010232
-1	+1	0.511352441531
-1	-1	0.948514845687
-1	+1	0.764372684701
+1	-1	0.611808222875
-1	-1	0.547877575352
-1	-1	0.84399309087
-1	+1	0.705296426407
+1	+1	0.855764375929
+1	+1	0.83452393209
+1	+1	0.761750476104
+1	+1	0.862859027491
-1	-1	0.850879005496
-1	-1	0.651983827102
-1	-1	0.686364557917
+1	+1	0.606035306333
+1	+1	0.60679771857
+1	+1	0.646847121277
-1	-1	0.557688174538
-1	-1	0.965014943123
+1	-1	0.740058911944
-1	-1	0.874232104354
-1	-1	0.711627373999
-1	+1	0.559880940309
+1	-1	0.652787690642
-1	+1	0.550630890623
-1	+1	0.62059514853
-1	+1	0.586308270419
-1	+1	0.76050586712
-1	-1	0.671358921805
+1	+1	0.611945665305
-1	+1	0.850082602743
+1	+1	0.596906810366
-1	-1	0.869212305973
+1	+1	0.811193805782
+1	-1	0.663046645564
+1	+1	0.520893565063
+1	+1	0.656369173203
+1	+1	0.915330590351
-1	-1	0.815691619059
+1	+1	0.74565336152
+1	+1	0.627566862843
-1	-1	0.968441812359
-1	+1	0.591556144822
-1	-1	0.765467818731
+1	+1	0.562912800256
+1	+1	0.711341466072
+1	+1	0.98487099865
+1	+1	0.699001239451
-1	+1	0.679033975221
+1	+1	0.737056764468
-1	+1	0.895478301623
+1	+1	0.953622690351
-1	+1	0.846383119827
-1	+1	0.948467512755
+1	-1	0.73353328479
-1	-1	0.823512061564
+1	+1	0.540290900398
-1	-1	0.956498476595
+1	-1	0.533305850047
-1	-1	0.658261157734
-1	-1	0.778077230268
-1	-1	0.680150893104
-1	+1	0.63607785561
+1	-1	0.615837729281
-1	+1	0.67662443527
+1	+1	0.656711377553
+1	-1	0.50745672655
-1	-1	0.738684949211
+1	+1	0.672512350004
-1	-1	0.789419434218
+1	+1	0.633467638506
+1	-1	0.760032435542
+1	+1	0.665913333102
-1	-1	0.946557938493
-1	+1	0.634306061728
-1	-1	0.804655750589
+1	-1	0.956881737602
+1	-1	0.547242696172
+1	+1	0.868243580785
+1	-1	0.622805360486
+1	-1	0.619721241558
-1	-1	0.899783316108
-1	+1	0.799559227902
-1	+1	0.543291533469
+1	+1	0.642128080009
-1	-1	0.644943378078
+1	+1	0.79329539236
-1	-1	0.569230973077
+1	-1	0.78057495512
-1	-1	0.818037610176
+1	+1	0.501535555449
-1	-1	0.777033988241
+1	+1	0.795648884606
-1	-1	0.760033861843
+1	+1	0.874059066137
-1	+1	0.630157819254
-1	-1	0.632348092468
-1	+1	0.655066560343
+1	+1	0.556589359743
-1	-1	0.800340421527
-1	-1	0.551933637591
+1	+1	0.925100688353
-1	-1	0.916583867125
-1	-1	0.583454025549
+1	+1	0.895084664109
-1	+1	0.541988411701
+1	+1	0.562361872587
+1	-1	0.972788772472
-1	-1	0.825188993567
+1	+1	0.614622403932
-1	-1	0.919393188209
-1	+1	0.796229199073
-1	-1	0.969587993778
+1	+1	0.985394829839
+1	-1	0.679183123454
+1	+1	0.555759579145
+1	+1	0.733323073896
-1	-1	0.579764823032
-1	+1	0.516670953447
-1	+1	0.83373294141
-1	-1	0.879933350966
-1	+1	0.662759607214
+1	+1	0.913417300374
+1	+1	0.674778728855
-1	+1	0.881151770638
-1	+1	0.712206993439
-1	-1	0.704985327794
-1	+1	0.888265297505
-1	+1	0.747256105937
-1	+1	0.575965851051
-1	+1	0.591324743073
-1	-1	0.760487065165
+1	+1	0.800262212654
-1	+1	0.826499169097
-1	-1	0.851098268385
-1	-1	0.672999574658
+1	+1	0.821711599051
+1	+1	0.875075203428
-1	-1	0.782484651969
-1	+1	0.78489063006
-1	-1	0.972496390249
-1	+1	0.964092100745
-1	+1	0.584256286107
+1	+1	0.864266166282
+1	-1	0.978471070956
+1	-1	0.802102496739
+1	+1	0.696988173369
+1	+1	0.725661511688
-1	+1	0.662921899775
+1	-1	0.555953464855
+1	+1	0.554260465791
+1	-1	0.832830511916
-1	-1	0.81732329321
-1	-1	0.904264663717
-1	+1	0.917324161674
+1	+1	0.508042169804
-1	-1	0.846186345394
-1	-1	0.561210903828
-1	-1	0.517145324615
+1	+1	0.820102949781
-1	+1	0.660128319048
-1	-1	0.803792493095
+1	+1	0.835581568667
-1	-1	0.683054557787
-1	-1	0.695732372611
+1	+1	0.628765860704
-1	+1	0.80779500153
-1	-1	0.533676422786
+1	+1	0.926124158855
-1	+1	0.972037542263
+1	+1	0.538352605391
-1	-1	0.626742618175
+1	+1	0.770799542418
-1	-1	0.843162122103
-1	-1	0.846649587712
-1	-1	0.974149795562
+1	-1	0.575961982219
-1	+1	0.549697284808
-1	+1	0.85576649956
+1	+1	0.530726011647
+1	-1	0.62479977705
+1	-1	0.636216701048
+1	+1	0.623846178889
+1	+1	0.649913292557
-1	-1	0.535769471429
+1	+1	0.532881853785
+1	+1	0.710912547142
+1	-1	0.773921400755
+1	+1	0.839613313696
+1	+1	0.518794419027
+1	+1	0.587049694832
-1	-1	0.655780806313
+1	-1	0.733863625837
-1	-1	0.843296311733
+1	+1	0.766696959968
+1	+1	0.595077797018
-1	-1	0.598542315017
+1	+1	0.608347582169
+1	-1	0.564771865992
+1	-1	0.81151378502
+1	+1	0.516357979211
-1	+1	0.691399648307
+1	-1	0.546449065837
-1	+1	0.710768253256
+1	-1	0.863250283686
-1	-1	0.734689361962
-1	-1	0.802101452379
-1	+1	0.653273754109
+1	+1	0.791515341616
-1	+1	0.586404408646
-1	-1	0.896091230098
+1	+1	0.572933522926
+1	-1	0.594999419967
+1	-1	0.516901572204
+1	+1	0.783842332435
-1	-1	0.910094314066
-1	-1	0.705941360632
-1	+1	0.843863561986
+1	-1	0.671885408473
+1	-1	0.766567229528
+1	-1	0.566504983455
+1	+1	0.842538328623
-1	-1	0.922239120648
-1	+1	0.731020097786
+1	+1	0.788416114461
-1	-1	0.919801027914
-1	-1	0.833831729152
+1	-1	0.779977115952
-1	-1	0.724463456923
-1	-1	0.521353105687
+1	-1	0.625654384477
+1	+1	0.555019772366
+1	-1	0.928044421535
-1	-1	0.639609138656
+1	+1	0.850249673539
-1	-1	0.648484751615
+1	+1	0.600479426645
-1	-1	0.576744896028
-1	-1	0.52543460048
-1	+1	0.602685974519
+1	-1	0.535428573751
-1	-1	0.721048187661
+1	+1	0.722128154038
-1	+1	0.755548613866
-1	-1	0.961338530553
+1	+1	0.542287782042
-1	+1	0.595782600019
+1	+1	0.506152886325
+1	-1	0.672930912101
+1	+1	0.50261780807
+1	+1	0.563002040768
-1	-1	0.710555057857
+1	-1	0.612682946225
-1	+1	0.546954935566
-1	+1	0.517512181514
+1	-1	0.781904778504
-1	+1	0.768190946102
+1	+1	0.921951516526
-1	+1	0.792161641035
-1	-1	0.95366988367
+1	+1	0.674326134387
-1	-1	0.64223878616
+1	+1	0.518410185614
-1	-1	0.539933536305
-1	-1	0.707491707791
+1	+1	0.746786710798
+1	+1	0.843084373109
-1	+1	0.523632252324
+1	+1	0.847571537441
+1	+1	0.649943019835
-1	-1	0.937499813837
-1	-1	0.518894136225
-1	+1	0.722969876779
-1	-1	0.676440305087
-1	-1	0.831442009572
+1	-1	0.502610630341
+1	+1	0.707746896618
+1	+1	0.740084318911
+1	+1	0.607518597343
-1	-1	0.81029782353
+1	+1	0.978091022719
-1	-1	0.555953464855
+1	+1	0.804281607509
-1	-1	0.548635535398
+1	-1	0.701956197309
+1	+1	0.608541009092
+1	+1	0.741408664543
-1	-1	0.907102701597
-1	-1	0.506681444837
+1	+1	0.770438950214
-1	-1	0.920512489428
-1	+1	0.597153202402
+1	+1	0.795027564743
+1	+1	0.902399553657
+1	-1	0.615368355209
-1	+1	0.573185153332
-1	-1	0.652159623545
-1	+1	0.926283217228
-1	-1	0.535162855488
-1	+1	0.6808117909
+1	+1	0.734695572565
-1	-1	0.546368313703
-1	+1	0.588305962277
-1	+1	0.592459916263
+1	-1	0.707575572922
-1	-1	0.700658687895
+1	+1	0.837419775976
+1	+1	0.553759163953
-1	-1	0.788587549964
+1	+1	0.671642618635
-1	-1	0.519489523046
+1	-1	0.686469574457
+1	-1	0.811183375558
+1	+1	0.760507820406
+1	+1	0.608046305122
-1	-1	0.887635423921
-1	+1	0.76453613366
+1	+1	0.51610270431
+1	-1	0.602357563998
+1	+1	0.648874293642
-1	-1	0.902482638309
+1	-1	0.802574751298
+1	+1	0.910284134749
-1	-1	0.893526869796
-1	-1	0.830994069437
+1	-1	0.809868096059
-1	+1	0.501285174841
+1	+1	0.897571563502
-1	-1	0.720822979342
-1	+1	0.572858691547
+1	-1	0.628336455055
+1	+1	0.765650838978
-1	-1	0.707174928786
-1	-1	0.81052482135
-1	+1	0.528541178059
-1	+1	0.523574507983
-1	-1	0.784765065598
+1	-1	0.617636042851
+1	-1	0.849027317362
+1	-1	0.871842624416
-1	+1	0.511319950993
+1	-1	0.511884801481
+1	+1	0.503019293325
+1	-1	0.670357052631
+1	+1	0.635847442292
-1	+1	0.79879520175
-1	+1	0.931627288895
-1	-1	0.635042140275
+1	-1	0.520391823067
+1	+1	0.81325631077
-1	-1	0.802884840053
-1	+1	0.690849809019
+1	+1	0.979205031327
+1	+1	0.594508315784
-1	-1	0.876728195632
+1	-1	0.591153235283
-1	-1	0.518263558039
+1	-1	0.592533314132
+1	-1	0.536456142396
-1	-1	0.667942288696
+1	-1	0.736261768637
+1	+1	0.533114711357
+1	+1	0.78989346793
+1	+1	0.947719593602
-1	+1	0.559262366263
-1	-1	0.780724352947
-1	-1	0.77742748046
+1	-1	0.820366701469
-1	-1	0.741682927568
+1	-1	0.643461607962
-1	-1	0.651611101903
+1	+1	0.56124462844
-1	-1	0.96699374119
+1	+1	0.800506292338
-1	-1	0.521963323059
-1	-1	0.720030460143
+1	-1	0.760126722308
+1	+1	0.512945026982
-1	-1	0.905631982052
-1	-1	0.757757283364
-1	-1	0.555953464855
+1	+1	0.714050850722
+1	+1	0.979049473802
+1	-1	0.770999979062
-1	+1	0.612516069898
-1	-1	0.884596495668
-1	+1	0.876054479429
-1	+1	0.596049799185
-1	+1	0.60385327416
+1	+1	0.732567856348
+1	+1	0.685548226787
+1	+1	0.852014758607
+1	+1	0.589140754706
+1	+1	0.598923986515
-1	-1	0.963327405646
-1	-1	0.719520843648
+1	+1	0.757038255544
+1	-1	0.625403930134
+1	+1	0.666332130132
+1	+1	0.868659268067
+1	-1	0.724771485827
+1	+1	0.669883370784
-1	-1	0.836937066259
+1	+1	0.706497705204
-1	-1	0.572345006301
-1	-1	0.642649399063
-1	-1	0.628664547052
-1	+1	0.557423803218
-1	+1	0.574243023465
+1	-1	0.502249037503
+1	+1	0.64552515429
+1	+1	0.696839536188
-1	-1	0.526205346345
-1	+1	0.548848818762
-1	-1	0.584296922731
+1	+1	0.882064475116
-1	+1	0.711881461678
+1	+1	0.683746445751
+1	-1	0.686314621359
+1	-1	0.53568992006
+1	+1	0.879431069508
-1	-1	0.883512140672
+1	-1	0.865294133885
-1	+1	0.606458182606
+1	-1	0.51530876605
-1	-1	0.797884664438
-1	-1	0.724245343734
-1	+1	0.574721919405
+1	-1	0.557017709272
-1	-1	0.517737664833
+1	+1	0.942577165118
-1	-1	0.58082524578
+1	-1	0.895437882693
+1	-1	0.653719074412
-1	-1	0.663088129295
-1	-1	0.540356509065
-1	+1	0.84700350544
-1	-1	0.871883696157
+1	+1	0.869540475463
-1	-1	0.852143266907
+1	-1	0.55846694323
-1	-1	0.562121215882
+1	-1	0.658127138239
-1	+1	0.771804562621
+1	+1	0.640603068446
-1	-1	0.841457451293
+1	+1	0.65141282598
-1	-1	0.871200985697
+1	+1	0.560676022749
-1	-1	0.917031235505
-1	-1	0.79031349733
-1	-1	0.53495972494
+1	+1	0.697171680401
+1	+1	0.666262207357
-1	+1	0.513297437799
+1	+1	0.889482041178
+1	-1	0.831912516174
+1	-1	0.872753598718
-1	-1	0.517045255571
-1	-1	0.605628136152
+1	-1	0.970881767093
+1	-1	0.644021902331
-1	-1	0.593734956696
-1	-1	0.713856483087
-1	-1	0.56305989512
-1	-1	0.608651924125
+1	-1	0.65032965279
+1	-1	0.562808152322
-1	-1	0.676580365974
+1	+1	0.844289848933
-1	-1	0.710305942924
+1	+1	0.774479795573
+1	+1	0.545246167464
-1	-1	0.726721347147
-1	-1	0.899189678887
+1	-1	0.550445324234
+1	-1	0.856754648257
-1	+1	0.911333149935
-1	-1	0.801594086254
-1	-1	0.929655803538
-1	-1	0.778010644414
+1	+1	0.89788854395
-1	-1	0.596126032145
-1	-1	0.600503663087
-1	-1	0.613618243184
-1	+1	0.51659833978
+1	+1	0.604293349676
+1	-1	0.944772285847
+1	-1	0.563627223397
-1	+1	0.947732825021
-1	-1	0.906984325316
-1	-1	0.503784962929
+1	+1	0.668943563068
+1	-1	0.564254467819
-1	+1	0.625661187564
-1	-1	0.817546711815
-1	+1	0.622846124056
-1	+1	0.682128210391
-1	-1	0.651197215105
+1	+1	0.601883269249
+1	+1	0.88873725246
+1	+1	0.750918741639
-1	-1	0.87481236057
-1	-1	0.655388873075
+1	-1	0.596385641502
+1	-1	0.527360747245
-1	-1	0.847538781497
+1	-1	0.638239189539
-1	-1	0.731184021348
+1	+1	0.556585958056
+1	+1	0.84858330368
-1	+1	0.585188779893
-1	+1	0.555415775483
-1	-1	0.544417861371
-1	-1	0.611121447253
-1	+1	0.731505847419
+1	+1	0.632444051289
-1	-1	0.616959438901
+1	+1	0.797714938355
+1	-1	0.845992085573
-1	+1	0.962396138301
-1	+1	0.505162371833
+1	+1	0.757314204968
+1	+1	0.649892015669
+1	+1	0.764239676683
+1	+1	0.884003211723
+1	+1	0.977621317506
+1	-1	0.834016791956
-1	+1	0.518884080636
+1	+1	0.522122063812
+1	+1	0.970185002904
+1	+1	0.697990461925
-1	+1	0.59307386444
+1	-1	0.843433750076
-1	-1	0.959666486949
+1	+1	0.528996613641
-1	-1	0.618129480754
+1	-1	0.695682379457
-1	-1	0.568606427146
-1	-1	0.824485194877
-1	-1	0.610770955897
-1	-1	0.929345710147
+1	-1	0.659687314669
-1	-1	0.855187262828
-1	-1	0.555953464855
-1	-1	0.546452334177
-1	-1	0.566059336739
+1	+1	0.51324125973
-1	+1	0.658804287798
+1	-1	0.778925626608
-1	+1	0.562116419086
+1	-1	0.50326024214
+1	+1	0.696439609681
+1	+1	0.651872423236
-1	-1	0.612730593626
+1	+1	0.645798880326
-1	+1	0.699701715943
-1	-1	0.507570436209
+1	+1	0.747689017371
+1	+1	0.730482208558
-1	-1	0.775453057427
-1	-1	0.727370380943
+1	+1	0.791763873365
+1	+1	0.940438693857
+1	+1	0.682999662669
-1	-1	0.806297943443
+1	+1	0.609533570271
-1	-1	0.693317827349
-1	-1	0.57549125207
-1	-1	0.579819270191
+1	-1	0.861932467739
+1	-1	0.602980960871
-1	-1	0.627413164442
+1	+1	0.533355307114
-1	-1	0.891911735701
+1	+1	0.963099890414
+1	-1	0.75743889428
+1	+1	0.568340329192
+1	-1	0.633150103815
+1	+1	0.629947402855
-1	-1	0.634787760583
-1	+1	0.713736489413
-1	+1	0.805979840832
+1	-1	0.562879041757
-1	-1	0.620914381355
-1	+1	0.671685515144
-1	-1	0.71227235337
+1	+1	0.891751587192
+1	+1	0.528248248395
+1	-1	0.553111790306
+1	+1	0.502828589761
-1	-1	0.899396584476
-1	+1	0.911529446095
-1	-1	0.793833456386
-1	-1	0.917004552248
+1	+1	0.89427995598
-1	-1	0.90829496004
+1	-1	0.589849605494
-1	+1	0.780554505845
-1	-1	0.853467324245
+1	+1	0.723175463625
-1	-1	0.844392042874
-1	+1	0.542453514078
+1	-1	0.839524850772
+1	+1	0.574372608775
-1	-1	0.541093670629
-1	+1	0.972231045378
+1	+1	0.789075232522
+1	+1	0.845487756958
-1	+1	0.868677082431
+1	-1	0.827882821307
+1	-1	0.666379394389
-1	+1	0.800437324916
+1	+1	0.586641383254
-1	-1	0.780043271182
+1	+1	0.590862978368
+1	+1	0.529636904092
+1	+1	0.695737607931
+1	+1	0.771092209091
+1	-1	0.532750586087
+1	+1	0.95510034412
+1	+1	0.689535854292
-1	-1	0.646650299366
+1	+1	0.658280790207
+1	+1	0.583531744568
-1	-1	0.565098483747
+1	+1	0.777438139065
+1	+1	0.850056408279
+1	-1	0.736181649982
-1	-1	0.625899616953
+1	+1	0.775261361836
+1	+1	0.998308305596
-1	-1	0.855176388578
+1	+1	0.754315460725
-1	+1	0.801098540536
-1	-1	0.869164944501
+1	+1	0.692543345547
+1	+1	0.824070581481
-1	-1	0.704727552816
-1	-1	0.508204938539
+1	+1	0.598230629926
-1	-1	0.957686913457
-1	-1	0.8421652387
-1	-1	0.569392374216
-1	-1	0.92393201907
-1	+1	0.68320098648
-1	+1	0.749959741709
-1	-1	0.60099174409
+1	-1	0.566818981437
+1	-1	0.516048592028
-1	+1	0.501581980153
-1	-1	0.643183721304
+1	+1	0.637537722918
+1	+1	0.73090367638
+1	-1	0.844861429435
-1	-1	0.813943229049
-1	-1	0.693782744601
+1	+1	0.789305293673
+1	-1	0.746780564591
+1	-1	0.671207559532
+1	+1	0.517647610604
+1	-1	0.532491122166
+1	-1	0.788544918251
-1	+1	0.595805956566
-1	-1	0.596647690362
-1	-1	0.505851448969
+1	-1	0.690054904907
+1	+1	0.669947059241
-1	+1	0.882464764153
+1	+1	0.966199062609
-1	-1	0.917356786146
+1	+1	0.797705003411
+1	+1	0.726101558901
-1	-1	0.737431873005
-1	-1	0.509092987014
-1	-1	0.927641636472
-1	-1	0.990674804222
-1	-1	0.964336657325
+1	+1	0.60524655699
-1	-1	0.763057232426
+1	+1	0.699618919195
+1	+1	0.811667982638
-1	+1	0.508121007925
+1	+1	0.850408708707
-1	+1	0.597906980784
+1	+1	0.732594381597
+1	+1	0.908462127096
+1	-1	0.639197056524
-1	+1	0.542174351076
