-1	+1	0.553933811511
+1	+1	0.584453642121
+1	-1	0.550771377079
+1	+1	0.505730937498
+1	+1	0.576200369097
-1	-1	0.864965088347
+1	+1	0.556058315874
+1	+1	0.556166801373
-1	-1	0.72199536844
-1	+1	0.660267024619
-1	-1	0.530813961488
-1	-1	0.959730654051
-1	-1	0.960207325332
-1	-1	0.572667357812
+1	-1	0.5941594324
-1	-1	0.551758471457
+1	-1	0.866047770421
-1	+1	0.536182181274
+1	+1	0.787850081926
-1	+1	0.673895045671
+1	-1	0.57482457157
-1	-1	0.514744094333
-1	+1	0.526133839806
+1	-1	0.691322239161
+1	+1	0.899395626599
-1	-1	0.564104037869
-1	+1	0.749359311698
+1	+1	0.623646294793
-1	-1	0.625033132841
-1	+1	0.607127605587
+1	+1	0.9946034055
-1	-1	0.54940261725
-1	-1	0.567684386752
-1	-1	0.743019424729
+1	-1	0.543498365063
+1	+1	0.642842128618
+1	+1	0.607885888905
+1	+1	0.582983069497
-1	-1	0.506454035461
+1	+1	0.829872100743
+1	+1	0.772417433309
+1	-1	0.840126736414
+1	+1	0.577284139751
+1	+1	0.58109235979
-1	+1	0.648269633331
-1	-1	0.990055985064
-1	-1	0.603947769013
+1	+1	0.955638502732
-1	+1	0.590248647924
-1	-1	0.797470333034
-1	+1	0.719003590353
-1	+1	0.529814658937
-1	-1	0.900559069979
+1	+1	0.828517342183
-1	-1	0.891870832846
-1	-1	0.53857821729
+1	-1	0.704910703781
+1	-1	0.546931057841
-1	+1	0.621354955448
+1	+1	0.681345813899
+1	+1	0.692226788741
+1	+1	0.729396440483
+1	+1	0.68786533367
-1	+1	0.604858296331
+1	+1	0.775850908226
-1	+1	0.574889361263
-1	-1	0.753363456044
+1	+1	0.685993237616
+1	+1	0.869165326348
-1	-1	0.570803131244
-1	+1	0.52273939136
+1	+1	0.95165606796
+1	-1	0.539158512978
+1	+1	0.678873811576
+1	+1	0.816331881142
-1	+1	0.633008086359
+1	+1	0.985063362869
+1	+1	0.843915066638
-1	+1	0.643583547748
+1	+1	0.996574761608
-1	-1	0.891395301495
+1	+1	0.792737965682
-1	+1	0.834893557652
+1	-1	0.539350484694
+1	-1	0.689134612868
+1	-1	0.767648636507
-1	-1	0.822277398275
+1	-1	0.771862416928
+1	+1	0.595216452028
+1	+1	0.615887713703
+1	+1	0.889484620684
+1	+1	0.69137240813
+1	+1	0.591155284649
+1	+1	0.732678657724
+1	+1	0.85267156332
-1	-1	0.617934181766
+1	-1	0.637259588161
-1	+1	0.767945413372
+1	+1	0.956492064739
-1	-1	0.555669580937
-1	+1	0.866674024554
+1	+1	0.600729464524
-1	-1	0.642305899927
-1	-1	0.812170349409
-1	-1	0.503835023177
+1	+1	0.599587262749
+1	+1	0.5742069802
-1	+1	0.933371228237
+1	+1	0.717852510649
+1	-1	0.552171486118
-1	-1	0.652815880468
+1	+1	0.821532064282
+1	-1	0.653365817064
+1	-1	0.566188704364
+1	-1	0.622998190302
-1	-1	0.96018435357
+1	+1	0.894928287277
-1	-1	0.635013838824
+1	+1	0.922631681183
-1	-1	0.548543679277
+1	+1	0.649390522017
-1	+1	0.82896831345
-1	-1	0.798190257913
+1	+1	0.546117177609
+1	+1	0.662910397826
-1	-1	0.875471440424
-1	+1	0.642912307852
-1	+1	0.702206324135
-1	+1	0.589805651457
-1	+1	0.678034410308
-1	-1	0.801197230989
-1	+1	0.768375846637
-1	-1	0.60901632683
+1	+1	0.627067242079
+1	-1	0.556364778281
-1	-1	0.724679964385
+1	-1	0.607009521268
-1	+1	0.890961043996
-1	-1	0.68193334044
-1	-1	0.63502483489
+1	-1	0.983062985105
+1	-1	0.51555683219
-1	+1	0.511015694626
-1	+1	0.549787317162
-1	-1	0.700152903423
+1	+1	0.751968633342
+1	-1	0.904310486429
+1	+1	0.928045402931
-1	-1	0.760814849493
+1	+1	0.744599841157
-1	-1	0.629226333823
+1	+1	0.921712945532
+1	+1	0.645555025628
-1	-1	0.840749959453
-1	-1	0.845973997111
-1	+1	0.696580930503
-1	-1	0.616816174613
-1	-1	0.565849600714
+1	+1	0.6821873585
+1	+1	0.683209020721
-1	-1	0.72600658808
+1	+1	0.656356250775
+1	-1	0.721425549415
-1	+1	0.562539581169
+1	-1	0.525915077844
+1	+1	0.602452816144
+1	-1	0.714688139492
-1	-1	0.636839660079
-1	+1	0.572043084449
+1	-1	0.641252567033
+1	+1	0.736037322263
-1	-1	0.595552872154
-1	-1	0.91863880851
+1	-1	0.65112935579
-1	-1	0.803257353195
-1	-1	0.761148666365
+1	-1	0.822008667787
-1	+1	0.509234600349
+1	+1	0.963383273208
+1	+1	0.82106268267
-1	+1	0.511880915722
+1	+1	0.635562203138
-1	-1	0.555476853054
-1	-1	0.547732480164
+1	-1	0.519703323176
+1	+1	0.608652473312
+1	-1	0.819404694113
+1	+1	0.725837346784
-1	-1	0.809596774851
-1	-1	0.898797400166
+1	-1	0.65828497207
-1	-1	0.841964797355
-1	-1	0.529132791869
+1	+1	0.52273939136
+1	-1	0.625139415743
+1	+1	0.766301309682
-1	-1	0.887029465281
+1	+1	0.69644520791
-1	+1	0.63370144888
-1	-1	0.941628661488
+1	+1	0.677936157564
+1	-1	0.665071837111
+1	+1	0.611760329406
-1	-1	0.666788444051
+1	+1	0.55347854973
-1	+1	0.542204887148
-1	-1	0.740380135441
+1	+1	0.871748715838
-1	+1	0.701542312367
+1	+1	0.789223036057
-1	-1	0.54192913312
+1	+1	0.670215710877
+1	-1	0.521821222333
+1	+1	0.629832928997
-1	-1	0.951295156023
-1	-1	0.893953466764
+1	+1	0.929345234255
+1	-1	0.607352346701
-1	-1	0.606661674152
+1	+1	0.802551747665
+1	+1	0.728969160897
+1	+1	0.781385193079
-1	-1	0.651961054346
-1	-1	0.533163254233
-1	-1	0.547899935304
+1	+1	0.915181988411
-1	-1	0.903593958015
-1	-1	0.545413986997
-1	+1	0.550707075766
-1	-1	0.987847281464
+1	-1	0.558202222094
+1	-1	0.677471811279
+1	-1	0.851548938096
-1	+1	0.715028987958
-1	+1	0.604090706059
+1	-1	0.914749325854
+1	+1	0.780277241631
-1	+1	0.551937691494
-1	+1	0.642037296894
-1	-1	0.570420345314
+1	-1	0.515618521196
-1	-1	0.665028013314
-1	-1	0.882231931559
+1	+1	0.54374446125
+1	-1	0.589277273279
-1	-1	0.597120492543
+1	+1	0.625668674769
-1	-1	0.80434629856
-1	-1	0.668358738519
+1	+1	0.983459090607
-1	-1	0.62529454119
-1	-1	0.733651669733
+1	+1	0.647774874075
-1	-1	0.562347401998
+1	+1	0.797394349096
+1	+1	0.826650641945
-1	+1	0.734605174601
+1	-1	0.693808070582
-1	-1	0.881764251965
-1	-1	0.827245861274
+1	+1	0.856946703113
-1	-1	0.906158287123
-1	+1	0.716149356511
-1	+1	0.643185082504
+1	+1	0.817677076361
+1	-1	0.526977561995
+1	+1	0.978243702333
-1	+1	0.514985980625
-1	-1	0.724962187506
-1	-1	0.767601070862
-1	+1	0.719325371876
-1	+1	0.744444520144
+1	-1	0.681498617805
+1	+1	0.727869905372
-1	-1	0.561633264752
+1	+1	0.662506107695
-1	-1	0.664361439428
-1	-1	0.599491685311
+1	+1	0.648448393203
-1	+1	0.532214997475
+1	+1	0.860365557743
+1	-1	0.710030953847
-1	-1	0.666367079627
-1	+1	0.670918003692
+1	+1	0.544769285004
+1	+1	0.81490609434
+1	-1	0.578956429891
-1	+1	0.52273939136
+1	-1	0.697221923386
+1	+1	0.510561840083
-1	-1	0.89567773532
-1	-1	0.813533522245
-1	+1	0.703987077697
+1	+1	0.567392616673
-1	+1	0.934992013088
+1	+1	0.873350341373
-1	+1	0.783655380201
+1	-1	0.561030949618
+1	+1	0.705890333463
+1	+1	0.598916494968
+1	-1	0.579348146119
+1	-1	0.768400153831
-1	-1	0.870267669207
-1	-1	0.74319282548
-1	-1	0.743139927834
+1	+1	0.764478265035
+1	-1	0.523497460732
+1	+1	0.885752182571
+1	-1	0.629978189678
-1	-1	0.705430796771
+1	-1	0.576400818089
+1	-1	0.576205167925
-1	-1	0.735410528034
+1	+1	0.833305890057
+1	+1	0.676048055161
+1	+1	0.994154874198
-1	+1	0.594016210309
+1	-1	0.538546786876
+1	-1	0.582743750107
-1	+1	0.540716053361
+1	+1	0.874504999126
+1	-1	0.556787743173
+1	+1	0.868538208735
-1	+1	0.74324774432
-1	-1	0.814402543703
+1	-1	0.701159851609
+1	+1	0.928500110001
+1	+1	0.772416347598
-1	+1	0.870665150055
-1	-1	0.519116470977
+1	-1	0.94581106869
-1	-1	0.870601563122
-1	-1	0.519497211877
-1	+1	0.632076698066
+1	-1	0.525205645231
+1	+1	0.61390133644
+1	+1	0.814453778415
-1	-1	0.849396304531
-1	-1	0.681133987274
-1	+1	0.562113772927
-1	+1	0.916706131358
-1	+1	0.770417742073
-1	+1	0.865411193643
+1	-1	0.707084556213
-1	+1	0.705454893417
-1	-1	0.895904302877
-1	-1	0.55423441657
-1	+1	0.628794714072
+1	+1	0.555894997912
-1	-1	0.565813485541
+1	+1	0.756313086233
+1	+1	0.56996925337
+1	+1	0.543518299148
+1	+1	0.553829483008
+1	-1	0.601532637528
+1	+1	0.935580799262
+1	-1	0.619893754447
-1	-1	0.604402345414
+1	+1	0.874207387139
-1	-1	0.571244537079
+1	-1	0.56493734898
+1	-1	0.700774533369
-1	-1	0.803514730975
-1	-1	0.781467309625
-1	+1	0.572887375128
+1	+1	0.625478497549
+1	+1	0.777305055138
-1	-1	0.765288273958
+1	+1	0.710913099016
-1	+1	0.820862243875
+1	+1	0.891328801936
+1	+1	0.903548496249
-1	-1	0.95953359193
-1	-1	0.954589002756
-1	+1	0.682283287483
+1	+1	0.58163977776
-1	-1	0.960063881827
-1	+1	0.513097611167
+1	+1	0.653005711431
+1	-1	0.968659152641
-1	-1	0.870197801002
-1	-1	0.507121315846
+1	+1	0.572153172024
+1	-1	0.797159218124
+1	+1	0.734615974607
+1	-1	0.943052213189
-1	-1	0.750717887213
+1	+1	0.831427531893
+1	-1	0.702076357797
-1	-1	0.565508371061
+1	-1	0.591916409788
+1	+1	0.879239518003
-1	+1	0.507584907725
-1	-1	0.614420627653
-1	-1	0.515431424075
+1	+1	0.517370215918
-1	-1	0.711976601457
-1	-1	0.688386237405
-1	-1	0.533688322543
+1	-1	0.702056639176
-1	-1	0.750228036621
-1	-1	0.642506182126
-1	-1	0.919292509665
-1	+1	0.513989306517
+1	+1	0.554869010542
+1	-1	0.764663635656
+1	-1	0.760808382922
-1	-1	0.533790803056
+1	+1	0.666674846202
-1	-1	0.668082110901
+1	-1	0.948749985061
+1	-1	0.543422841691
+1	+1	0.694625114428
-1	-1	0.525166847444
+1	-1	0.645283223621
+1	+1	0.827441922518
-1	+1	0.614562531637
+1	+1	0.663203491907
-1	-1	0.946046136407
-1	-1	0.653314108851
+1	+1	0.81628264458
+1	+1	0.750262164963
-1	-1	0.738077070948
+1	+1	0.763079112894
+1	+1	0.801483589746
+1	+1	0.785209945589
+1	-1	0.853955287824
-1	-1	0.703022708975
+1	-1	0.793751131769
-1	-1	0.895916846033
-1	-1	0.830240374499
-1	-1	0.558370992145
-1	-1	0.77170729585
+1	+1	0.727719681842
+1	+1	0.868219965742
+1	-1	0.534282680212
+1	+1	0.91599998384
+1	+1	0.663444765981
+1	-1	0.773544554734
+1	-1	0.550789345278
+1	-1	0.549247342621
+1	-1	0.682913001449
-1	-1	0.655346750053
-1	-1	0.68991198786
+1	+1	0.675689816737
+1	+1	0.732832057656
-1	+1	0.659363240252
+1	+1	0.701843695661
-1	+1	0.591703868288
-1	-1	0.747739318297
+1	+1	0.829139702926
-1	+1	0.698724969094
+1	+1	0.835809753076
-1	-1	0.5449381071
-1	+1	0.51269777694
-1	-1	0.571124098001
-1	+1	0.702702358208
-1	-1	0.96476689118
+1	+1	0.731255946679
+1	-1	0.611315444195
+1	-1	0.633595116047
-1	+1	0.611436034419
-1	+1	0.838568539975
+1	+1	0.567392722084
+1	+1	0.74043336953
+1	+1	0.835039461261
-1	-1	0.90452924233
-1	-1	0.931432957163
+1	+1	0.853368245967
-1	-1	0.695861892553
-1	+1	0.561007390145
-1	+1	0.705581566881
-1	-1	0.506113145743
-1	+1	0.864602348717
+1	+1	0.500657444043
+1	-1	0.565208447258
-1	-1	0.961681146906
+1	+1	0.993513534292
-1	+1	0.628119683933
+1	+1	0.913273865682
+1	-1	0.546203490734
-1	+1	0.696910411904
+1	+1	0.883439840132
-1	+1	0.624323319332
+1	+1	0.7968413352
-1	-1	0.922042461404
+1	+1	0.656785513542
+1	-1	0.578280028769
+1	+1	0.712856109437
+1	-1	0.504581023165
-1	-1	0.866266824792
-1	-1	0.926417123842
-1	-1	0.70208615286
+1	+1	0.539430961006
-1	+1	0.803695275251
+1	+1	0.844377048279
+1	-1	0.612823662176
+1	-1	0.512088504753
-1	+1	0.727286192106
-1	-1	0.904669972012
-1	-1	0.763720936741
-1	-1	0.856605329531
+1	+1	0.77768442984
+1	+1	0.53075431996
+1	+1	0.725938339081
-1	+1	0.882399358841
+1	-1	0.517441167515
+1	-1	0.788905071316
-1	-1	0.757212382027
+1	-1	0.783895087001
-1	+1	0.560696985247
-1	-1	0.592698873576
+1	+1	0.833718638554
-1	-1	0.937859301585
-1	-1	0.707219069533
-1	+1	0.896185460085
+1	+1	0.753442021846
+1	+1	0.525250653708
+1	+1	0.513097611167
-1	-1	0.725768726339
-1	-1	0.974760295609
-1	-1	0.860567693384
-1	+1	0.504533493013
+1	-1	0.662542850818
-1	-1	0.505841101983
+1	+1	0.816992191792
+1	+1	0.926737427988
+1	-1	0.630619745984
+1	+1	0.621487575422
+1	+1	0.611430701965
-1	-1	0.865912862328
-1	-1	0.821034548665
-1	+1	0.681176784643
+1	+1	0.564651782914
-1	-1	0.703328010872
-1	+1	0.554052822295
-1	+1	0.555319718943
+1	+1	0.762342784158
-1	-1	0.688386237405
+1	+1	0.605811375127
-1	+1	0.607510890533
+1	+1	0.751862692053
-1	-1	0.725160153059
-1	-1	0.964006656746
-1	-1	0.764290685401
+1	+1	0.918808608916
+1	+1	0.634011273307
+1	-1	0.87175242218
+1	+1	0.541195107322
-1	-1	0.801726054403
-1	-1	0.535328100727
-1	-1	0.967442172742
-1	-1	0.74570086215
+1	+1	0.645945749496
+1	+1	0.736976190069
+1	+1	0.671771502824
+1	+1	0.855952258338
-1	-1	0.611519027103
+1	-1	0.512543344903
-1	-1	0.9101522772
-1	-1	0.88494298484
-1	-1	0.762074505242
+1	-1	0.781446823665
-1	-1	0.615753304521
-1	+1	0.513097611167
-1	-1	0.874566412667
+1	+1	0.741417643604
-1	-1	0.596105457545
-1	-1	0.646762084458
-1	+1	0.564513126255
-1	+1	0.665124911334
+1	+1	0.930930731951
+1	+1	0.830679206955
+1	-1	0.569046377886
+1	+1	0.722650877268
+1	+1	0.824512121576
-1	-1	0.636578556542
-1	+1	0.564508786679
+1	-1	0.581486741008
+1	+1	0.72447490458
+1	+1	0.716671070001
+1	-1	0.526408297444
+1	+1	0.592327830867
-1	-1	0.569402337689
+1	+1	0.713546731655
+1	+1	0.958045985087
-1	-1	0.797774238764
-1	+1	0.707645050249
+1	+1	0.577575940525
+1	+1	0.534020918466
-1	+1	0.594642628551
+1	-1	0.852447906678
-1	+1	0.501932629579
+1	-1	0.589267596641
-1	-1	0.715205538953
-1	-1	0.846791634953
+1	-1	0.505602551864
-1	+1	0.577958816117
+1	-1	0.708596481965
+1	-1	0.684599170825
+1	+1	0.888949291994
+1	+1	0.881468624523
-1	-1	0.764916322071
+1	-1	0.539006226848
+1	+1	0.81844479833
+1	+1	0.894715182375
+1	+1	0.732353876352
-1	-1	0.504665211588
-1	+1	0.77797671928
-1	-1	0.886388363228
+1	+1	0.861460116646
-1	-1	0.751013787971
+1	+1	0.760016840707
-1	+1	0.969346718027
-1	-1	0.508812514584
-1	-1	0.57257986283
-1	-1	0.899160268849
-1	-1	0.7707307565
-1	-1	0.541361445956
+1	+1	0.863945090778
+1	+1	0.746292616367
+1	+1	0.826027550354
+1	+1	0.691393923887
-1	-1	0.674868971027
+1	+1	0.794724788005
+1	-1	0.889781384369
-1	+1	0.666040772315
+1	+1	0.876928289065
+1	+1	0.864670793738
+1	+1	0.650149365942
-1	+1	0.788557707956
-1	-1	0.880478778854
-1	-1	0.837627903547
-1	-1	0.884326705712
+1	+1	0.521939932115
+1	-1	0.623639286916
+1	-1	0.611223671359
-1	+1	0.708894137386
+1	+1	0.65431560555
-1	-1	0.952571057562
-1	-1	0.640944032676
-1	-1	0.515732496529
-1	+1	0.804482384988
+1	+1	0.76631055832
-1	+1	0.651883453167
+1	-1	0.504581023165
+1	+1	0.566139458529
-1	-1	0.95695415443
-1	+1	0.637929327954
+1	+1	0.777291276586
-1	+1	0.702435916503
-1	-1	0.570909628595
-1	+1	0.648499387916
+1	-1	0.852933113984
-1	-1	0.519436261275
+1	+1	0.66264722435
+1	-1	0.731095551343
-1	-1	0.802877932009
+1	+1	0.634027732543
-1	+1	0.766104130147
-1	-1	0.656697838007
+1	+1	0.773215315813
+1	+1	0.63827530786
-1	-1	0.800371372329
+1	+1	0.863262014617
+1	-1	0.533005022537
+1	+1	0.611409974021
-1	-1	0.903552960209
-1	-1	0.615113610982
-1	-1	0.807869071174
+1	+1	0.583430574654
+1	-1	0.632670678252
+1	+1	0.809546578476
+1	+1	0.748390575934
+1	+1	0.584955611681
+1	+1	0.885283032258
-1	+1	0.601591669505
+1	+1	0.918243621304
-1	+1	0.625073335647
-1	-1	0.67570141791
-1	+1	0.641803519594
+1	+1	0.515348985779
-1	+1	0.5714426302
+1	+1	0.672159758261
+1	+1	0.705001906565
+1	-1	0.669194798679
-1	+1	0.770758762982
-1	+1	0.769189338939
+1	+1	0.65147171874
+1	+1	0.569394015881
-1	-1	0.788237396084
+1	+1	0.931926255981
-1	-1	0.722618398669
-1	-1	0.706949267875
-1	-1	0.828379302139
-1	-1	0.91179096473
+1	+1	0.582847220092
+1	-1	0.614201098075
-1	+1	0.960479872588
-1	+1	0.892138701563
+1	+1	0.64830829149
+1	+1	0.959150205086
+1	+1	0.563287419872
+1	+1	0.664216728517
-1	+1	0.54034891809
+1	+1	0.592308080043
+1	+1	0.635347607376
+1	+1	0.987128601477
+1	+1	0.663472908083
+1	+1	0.699020432277
-1	-1	0.681468676943
+1	+1	0.560247224412
+1	+1	0.708073545166
+1	+1	0.621172126678
-1	-1	0.800601378903
+1	+1	0.609068743285
+1	-1	0.625477859297
-1	-1	0.924717291851
+1	+1	0.7096124806
+1	+1	0.691144436695
+1	+1	0.914987188998
+1	-1	0.724243630752
-1	-1	0.97649080546
-1	-1	0.884924910541
+1	+1	0.705728294104
+1	+1	0.625580167858
-1	-1	0.735074572158
+1	-1	0.511367095947
-1	+1	0.732174790801
-1	-1	0.513905267089
+1	+1	0.522284779159
-1	+1	0.506220441502
-1	-1	0.507157226074
-1	+1	0.936178070331
+1	+1	0.726651210964
-1	+1	0.615367514554
+1	+1	0.868480440515
-1	-1	0.721194048028
-1	+1	0.506345732651
+1	+1	0.943322901689
+1	-1	0.661949197772
+1	-1	0.708639437671
+1	+1	0.72237536471
+1	+1	0.516836307173
+1	+1	0.596871430195
-1	-1	0.646832991438
-1	+1	0.639721582393
+1	-1	0.855935618288
-1	+1	0.917813109399
+1	+1	0.564873848943
+1	-1	0.562254783049
+1	+1	0.857337982018
-1	-1	0.889081838568
-1	-1	0.693550459722
+1	-1	0.641800594915
-1	-1	0.869201585055
-1	-1	0.610259909164
+1	+1	0.811293371564
-1	+1	0.655768653464
-1	+1	0.626018476361
+1	-1	0.840743118211
+1	+1	0.687791161441
-1	-1	0.826002325528
+1	+1	0.801970483862
+1	-1	0.566587121233
-1	+1	0.80664166614
+1	+1	0.536349017664
+1	-1	0.638937883987
-1	-1	0.802575778134
-1	-1	0.594347789799
+1	-1	0.522707418054
+1	-1	0.647541127262
-1	+1	0.584302376638
-1	-1	0.885586276332
-1	-1	0.923621423056
-1	-1	0.878752777314
+1	-1	0.764193691531
-1	-1	0.83362173511
+1	+1	0.949579953785
-1	-1	0.717124060913
-1	+1	0.755239831824
+1	-1	0.922938128713
+1	+1	0.987582165272
-1	+1	0.789082067625
-1	-1	0.659992886376
-1	+1	0.86475009571
+1	+1	0.526112526343
-1	-1	0.530653713039
-1	-1	0.515355154746
-1	-1	0.635162184768
+1	-1	0.799192458003
-1	+1	0.82462146386
-1	+1	0.680345319907
-1	-1	0.729466387903
+1	+1	0.740782940726
+1	-1	0.502660184379
+1	-1	0.504367983407
-1	-1	0.882019376553
+1	-1	0.58991020715
-1	-1	0.96387486659
-1	-1	0.519593746849
-1	-1	0.603299915989
-1	+1	0.660927892998
+1	+1	0.74780196659
-1	+1	0.61276529478
-1	+1	0.77433901633
+1	-1	0.545946006886
+1	+1	0.537823803369
-1	-1	0.612376168223
-1	-1	0.967783901606
+1	+1	0.769338476346
+1	+1	0.631672331255
+1	-1	0.637279752261
+1	-1	0.658418308636
+1	-1	0.718155319535
-1	+1	0.801429492376
+1	+1	0.94802495412
+1	-1	0.784524469701
+1	-1	0.537629174983
-1	+1	0.512090500542
-1	-1	0.934787217734
-1	-1	0.539521215546
+1	+1	0.877448840112
-1	+1	0.59273828418
-1	-1	0.891021360084
+1	+1	0.656345460721
-1	-1	0.929383793703
-1	-1	0.78711561322
+1	-1	0.723336254692
-1	-1	0.627410715401
-1	-1	0.704794377549
+1	-1	0.780000661123
-1	-1	0.67576218928
-1	-1	0.606411065864
-1	+1	0.60491814246
-1	+1	0.524203747402
-1	-1	0.501277654767
+1	+1	0.511450965868
+1	+1	0.681841270795
+1	+1	0.817147937579
-1	-1	0.689365522343
-1	-1	0.659104244638
-1	-1	0.501351876217
+1	+1	0.523447387658
+1	+1	0.928840162988
+1	-1	0.943003569536
-1	-1	0.831962872606
-1	-1	0.602007257849
-1	-1	0.731065986056
+1	+1	0.74814257132
+1	+1	0.644200446778
+1	-1	0.889457607977
+1	-1	0.822149542566
+1	-1	0.707898723311
+1	-1	0.565525941824
+1	+1	0.59758942456
-1	-1	0.686647484555
+1	+1	0.640480206274
-1	+1	0.505008941835
+1	-1	0.667857180434
+1	-1	0.516201117846
+1	+1	0.734709591681
-1	-1	0.629565178807
-1	-1	0.763729440124
-1	+1	0.773443127435
-1	-1	0.80405329824
+1	+1	0.654427405286
-1	-1	0.510439240928
+1	+1	0.580512901263
+1	+1	0.678022929009
-1	-1	0.837632767857
+1	+1	0.983143548034
-1	+1	0.586385925674
+1	+1	0.834002359374
+1	-1	0.905753181225
+1	-1	0.622901147919
-1	-1	0.879979593227
-1	+1	0.54204965997
-1	-1	0.624961057456
+1	+1	0.681305925807
-1	-1	0.542736796728
+1	+1	0.644420135047
-1	-1	0.855879777596
+1	+1	0.510839169499
+1	+1	0.78782152715
+1	-1	0.610546721969
+1	-1	0.695685539448
+1	+1	0.660308581231
-1	-1	0.763630210567
-1	-1	0.828170205144
-1	-1	0.849493650461
-1	+1	0.509691755791
-1	-1	0.824704392519
+1	+1	0.768994551165
+1	-1	0.503330846713
+1	+1	0.644569019042
+1	+1	0.633858272985
+1	-1	0.553976885566
-1	+1	0.659521454788
-1	-1	0.982313349994
-1	+1	0.607755699079
-1	-1	0.963501556836
-1	-1	0.546522616834
-1	-1	0.673025633215
-1	-1	0.504581023165
+1	-1	0.587574017196
-1	-1	0.658253102054
-1	+1	0.51441830157
-1	-1	0.559580300593
-1	-1	0.697476366971
-1	+1	0.532727265961
-1	+1	0.541783863222
-1	-1	0.672761663009
+1	+1	0.946386218552
-1	-1	0.858819771192
+1	-1	0.671665382703
+1	+1	0.910380759446
-1	-1	0.653833208063
+1	+1	0.635278016725
-1	-1	0.700225749368
+1	+1	0.670971501401
-1	+1	0.745980685864
+1	-1	0.50287756394
-1	-1	0.950984600316
+1	-1	0.593568441898
-1	-1	0.593453929653
-1	-1	0.954652754149
+1	+1	0.581813331787
-1	-1	0.541477558241
+1	+1	0.879129173542
+1	-1	0.552375006257
-1	-1	0.790068279605
+1	+1	0.871747265943
+1	+1	0.582357392286
-1	+1	0.681775391374
-1	-1	0.632311818912
-1	-1	0.559201830838
-1	-1	0.668921844212
-1	+1	0.689064344846
+1	+1	0.787324419392
-1	+1	0.615242763456
-1	-1	0.676166970135
-1	-1	0.770930058215
-1	-1	0.989833521324
+1	+1	0.661311457504
-1	-1	0.879253671411
-1	+1	0.858357876353
-1	-1	0.529082806021
-1	-1	0.50017697626
-1	-1	0.898822495028
+1	+1	0.8447636145
+1	+1	0.869497140881
+1	+1	0.689130785838
+1	+1	0.694821090289
-1	-1	0.648108524437
+1	-1	0.79028023525
-1	+1	0.546415344394
+1	-1	0.556496456249
+1	+1	0.642795402432
+1	+1	0.933120249463
+1	+1	0.554221148711
-1	-1	0.630866321431
+1	+1	0.509003573287
-1	-1	0.930783104166
-1	-1	0.693741997088
-1	-1	0.817822618482
-1	+1	0.596203575389
+1	+1	0.55408872376
-1	-1	0.814521008137
+1	+1	0.792674845211
+1	-1	0.620842160671
-1	-1	0.552883356993
+1	+1	0.830514092005
-1	+1	0.755342613817
-1	+1	0.762952486808
+1	+1	0.646299887112
-1	-1	0.669741484042
+1	+1	0.742047123967
-1	-1	0.85931746702
-1	-1	0.652787067308
+1	-1	0.585911462818
-1	-1	0.870904979541
+1	+1	0.903315962584
-1	+1	0.502999171853
+1	-1	0.671009183651
-1	+1	0.664022850418
-1	+1	0.751957165824
+1	+1	0.613022823722
+1	+1	0.835962593177
+1	+1	0.733866319905
+1	-1	0.650111483622
+1	+1	0.607847472988
-1	+1	0.658371821422
-1	+1	0.81942690928
+1	-1	0.656965679979
-1	-1	0.864730400008
-1	-1	0.909895272252
+1	-1	0.840916374991
-1	-1	0.65355918665
+1	+1	0.765445068872
-1	+1	0.591830595611
+1	+1	0.934120120093
-1	-1	0.660419141397
+1	-1	0.789400001202
-1	-1	0.888061555788
-1	-1	0.504395142913
-1	-1	0.755493916193
+1	-1	0.508773553358
+1	+1	0.936582064952
+1	+1	0.971269712634
-1	-1	0.744394033445
+1	+1	0.760564363195
-1	-1	0.560331046474
+1	+1	0.861486375571
-1	-1	0.742663005282
+1	+1	0.724495923931
-1	+1	0.559495598706
+1	-1	0.596607488051
-1	+1	0.832645279034
+1	+1	0.689274535076
-1	-1	0.555193113846
-1	+1	0.628336990652
+1	+1	0.900652537313
-1	-1	0.691585424254
-1	-1	0.785436088397
-1	-1	0.542798050318
+1	+1	0.918080441961
-1	+1	0.696288156098
-1	+1	0.501245964179
-1	-1	0.666056063902
-1	+1	0.635938875086
-1	-1	0.7431764547
-1	-1	0.906196025465
+1	-1	0.603398415409
+1	-1	0.928493848253
+1	+1	0.541693957684
-1	-1	0.643547566687
+1	-1	0.530956555071
-1	+1	0.835113505955
+1	-1	0.570276412639
-1	-1	0.504581023165
+1	+1	0.596318130906
+1	+1	0.583756332232
+1	+1	0.980550105517
-1	-1	0.926330958485
-1	+1	0.832733636991
-1	-1	0.782585581672
+1	+1	0.502786636343
+1	-1	0.500558427899
-1	-1	0.521410614964
-1	+1	0.638995005757
-1	-1	0.905867276321
-1	+1	0.764938279093
+1	+1	0.754488078192
-1	-1	0.764851728809
-1	+1	0.742329933745
-1	+1	0.625582656243
-1	+1	0.832065546669
-1	-1	0.845847444821
-1	-1	0.685094281
-1	-1	0.502729973591
-1	+1	0.503839254175
-1	-1	0.540570444984
+1	+1	0.745765906658
-1	+1	0.558661466359
-1	+1	0.685644819916
-1	+1	0.547253149484
+1	+1	0.928399853235
-1	+1	0.71771316899
+1	-1	0.581322301795
+1	+1	0.592771260065
-1	-1	0.964062993895
-1	+1	0.546259078605
-1	-1	0.68106489359
+1	-1	0.542482609454
-1	+1	0.769779671684
+1	+1	0.676454371268
+1	-1	0.6920070354
-1	-1	0.866092799557
-1	-1	0.849675500035
-1	+1	0.736560222687
-1	-1	0.591909166993
-1	-1	0.803428198191
+1	+1	0.58300547714
-1	-1	0.901829085335
-1	+1	0.883754662254
+1	+1	0.711029364895
-1	+1	0.626293143655
+1	+1	0.880438417798
+1	+1	0.760542819167
+1	+1	0.913613807887
-1	-1	0.700215974238
+1	-1	0.51264801862
-1	-1	0.980218439387
+1	+1	0.972270642718
-1	-1	0.636878112147
+1	-1	0.725899707002
-1	-1	0.547223195822
+1	+1	0.669920592787
+1	+1	0.852025757527
+1	+1	0.832817782557
-1	-1	0.829907048159
-1	-1	0.621932411658
+1	+1	0.562425454992
+1	+1	0.68248519988
+1	-1	0.589103137549
+1	-1	0.650372801901
-1	-1	0.59728068701
+1	-1	0.833421863832
-1	+1	0.514205037929
-1	-1	0.72224760649
-1	+1	0.679593755657
-1	-1	0.567481275731
+1	-1	0.525592369554
+1	-1	0.817102667335
-1	-1	0.861794689073
+1	+1	0.982729288714
-1	-1	0.797554145234
+1	+1	0.849654257514
+1	+1	0.557945057075
-1	-1	0.659026836094
-1	+1	0.563589328046
-1	+1	0.522256609679
-1	-1	0.81722836593
+1	+1	0.700393108404
+1	+1	0.801929068483
-1	+1	0.629945187207
-1	-1	0.575997554302
+1	+1	0.659238979039
+1	+1	0.668333588703
-1	-1	0.779701871475
-1	-1	0.529772179332
-1	+1	0.550501788002
+1	+1	0.995784785716
-1	-1	0.813356080055
+1	+1	0.686723491961
-1	-1	0.701636933085
+1	+1	0.927239801356
-1	+1	0.505284152406
+1	+1	0.851942524832
+1	+1	0.82120215079
+1	+1	0.780269527472
+1	-1	0.908052952146
-1	+1	0.542528789835
-1	+1	0.654451463747
+1	+1	0.833747969619
-1	-1	0.529131304813
-1	-1	0.610346412351
-1	-1	0.819939705092
-1	-1	0.826398799996
+1	+1	0.743780715236
-1	-1	0.511793266479
+1	-1	0.750968528398
-1	+1	0.873108434334
-1	-1	0.619127710077
-1	-1	0.890697268569
-1	-1	0.703812220651
+1	+1	0.955255045969
-1	-1	0.506210080715
+1	+1	0.883560556607
+1	+1	0.675939684027
+1	+1	0.70183597118
+1	+1	0.521500555709
-1	-1	0.765833446185
+1	-1	0.573253182685
-1	-1	0.804707070585
-1	+1	0.580987101439
-1	+1	0.720488478359
+1	-1	0.767423991964
-1	+1	0.799157781774
+1	+1	0.676773717148
+1	-1	0.552030830727
+1	+1	0.774870964517
-1	-1	0.893470119982
+1	+1	0.585093622573
+1	+1	0.73068308976
-1	+1	0.717361369993
+1	-1	0.550718685599
+1	-1	0.686643340499
-1	+1	0.636052194081
+1	-1	0.935081847834
-1	-1	0.939953864497
-1	+1	0.854977373939
-1	-1	0.718044522282
-1	-1	0.635805163591
-1	-1	0.698836453674
-1	-1	0.828185376183
+1	+1	0.609458184531
+1	-1	0.620114918299
-1	-1	0.645582317797
+1	+1	0.737456119266
+1	-1	0.642493750915
+1	+1	0.708733899163
-1	-1	0.972659385858
+1	+1	0.601229042057
+1	-1	0.666118106126
+1	+1	0.735533492498
+1	+1	0.651677959082
-1	-1	0.593725176632
-1	-1	0.557840977038
+1	-1	0.599463082507
-1	-1	0.840955606594
-1	-1	0.903180675598
-1	+1	0.812827777433
+1	+1	0.60240128619
+1	-1	0.711589549266
-1	-1	0.766043133832
+1	+1	0.621405875977
+1	-1	0.800714642314
-1	+1	0.568356405704
-1	-1	0.781792877337
+1	-1	0.78681674608
-1	+1	0.786252163137
+1	+1	0.896364122476
+1	+1	0.843931130475
-1	+1	0.692389734079
-1	-1	0.56051335763
+1	-1	0.650586076995
-1	-1	0.713683176359
+1	+1	0.631727419989
-1	+1	0.642289424865
+1	-1	0.528847133592
+1	+1	0.788196581423
-1	+1	0.537823803369
+1	-1	0.537002859429
-1	+1	0.66670367716
+1	-1	0.838227476897
-1	-1	0.573385828342
+1	+1	0.748046704001
+1	-1	0.576873172641
-1	+1	0.769448597281
+1	-1	0.697726675523
+1	-1	0.69602508361
-1	-1	0.564324797889
+1	-1	0.898253529304
+1	-1	0.602304751751
-1	-1	0.7199120767
-1	-1	0.876631076207
+1	+1	0.877330949325
+1	+1	0.705728294104
-1	-1	0.666649100292
-1	-1	0.510022154847
-1	+1	0.585227044632
+1	+1	0.623728441894
-1	+1	0.799817527633
+1	+1	0.596835989064
-1	+1	0.722027240019
-1	+1	0.769709620078
+1	-1	0.574983817491
+1	-1	0.567401229977
+1	-1	0.604593664533
-1	-1	0.9044112556
-1	-1	0.943065278438
+1	-1	0.515338545408
-1	+1	0.719345728391
-1	+1	0.513748936841
+1	+1	0.83428550938
+1	+1	0.702402582158
+1	+1	0.879313716172
+1	+1	0.596689782774
+1	+1	0.738647667239
-1	-1	0.60822437745
+1	-1	0.547835671519
+1	+1	0.839011447257
+1	+1	0.852604350645
-1	-1	0.513148569246
-1	-1	0.752765799511
+1	+1	0.926408222387
+1	+1	0.634940127633
+1	-1	0.518503062793
+1	-1	0.58105201345
+1	+1	0.521798190526
-1	-1	0.656445765837
+1	+1	0.761350927067
-1	-1	0.682342816605
+1	+1	0.750517995391
+1	-1	0.531259161014
+1	-1	0.75486790391
+1	-1	0.512893569797
-1	-1	0.720017535313
-1	+1	0.901496820421
+1	-1	0.800074793913
-1	-1	0.601362515426
+1	-1	0.762734814845
+1	+1	0.631864547376
+1	+1	0.839261558394
+1	+1	0.754522637059
-1	-1	0.520605191388
-1	-1	0.813564857229
-1	-1	0.568016853954
+1	+1	0.594628582638
+1	-1	0.596959342408
-1	-1	0.752710810357
+1	+1	0.761963696688
-1	+1	0.835128477904
+1	+1	0.615133926117
+1	+1	0.848899948266
+1	+1	0.500317758494
-1	-1	0.609420402335
+1	+1	0.618557854192
+1	+1	0.856565397052
-1	-1	0.510827120565
-1	+1	0.569664856818
+1	+1	0.879530471729
+1	-1	0.768019871065
+1	-1	0.909278979499
-1	+1	0.525550647878
+1	-1	0.517643668101
+1	+1	0.602400007406
-1	+1	0.74254035984
+1	-1	0.74281466487
-1	-1	0.614386930518
-1	+1	0.573051164406
-1	-1	0.87288489872
+1	+1	0.713342619785
-1	+1	0.948422977231
-1	-1	0.500797270626
-1	-1	0.957404601034
-1	-1	0.822951315195
+1	+1	0.55765818883
-1	+1	0.518331440994
-1	-1	0.870933197107
+1	+1	0.51556903893
+1	+1	0.673356555405
-1	-1	0.8388531422
-1	+1	0.600962088604
-1	+1	0.673752729465
-1	+1	0.599543454528
+1	-1	0.506364344737
+1	+1	0.544943746534
-1	-1	0.703379027756
+1	+1	0.670577364499
-1	-1	0.842886280892
-1	+1	0.50387828406
-1	-1	0.803543698837
+1	-1	0.558563760687
-1	-1	0.829601716399
-1	-1	0.640710773204
-1	+1	0.539965858688
+1	+1	0.646154344482
+1	+1	0.904282523555
-1	+1	0.743223001218
-1	-1	0.926751301502
-1	-1	0.676521892355
+1	-1	0.638834761955
+1	-1	0.574819010096
+1	-1	0.627344158802
-1	+1	0.765600526079
-1	-1	0.516965853646
+1	-1	0.976509945719
-1	-1	0.542988622215
+1	+1	0.647666840513
+1	-1	0.842022577674
+1	+1	0.736111699998
-1	-1	0.726167318449
-1	-1	0.777371324802
+1	+1	0.76695166001
-1	+1	0.603307893515
-1	+1	0.558981533113
-1	-1	0.565693640967
-1	+1	0.507883044225
-1	+1	0.619853072961
-1	-1	0.547699439899
-1	-1	0.735797773841
+1	+1	0.617157227578
-1	+1	0.653899338387
-1	+1	0.860009745973
-1	-1	0.536048040739
+1	+1	0.804909908386
-1	+1	0.583408301214
-1	+1	0.823867422886
-1	-1	0.7473122034
+1	+1	0.907171896987
-1	+1	0.742505828046
-1	-1	0.685381698676
-1	-1	0.895258819723
+1	-1	0.511884107621
+1	+1	0.737959224133
-1	+1	0.654294178868
-1	-1	0.947657962982
+1	-1	0.65735765943
+1	+1	0.78455526331
+1	+1	0.732238487259
-1	-1	0.680594815461
+1	+1	0.842723851703
+1	+1	0.619384675833
+1	+1	0.54599655269
+1	+1	0.527802100025
-1	-1	0.898720702279
+1	+1	0.877965069639
-1	-1	0.807707290116
+1	-1	0.67198042569
+1	-1	0.781216901785
+1	+1	0.811386080729
+1	-1	0.547488990627
+1	+1	0.735249106111
+1	+1	0.589912490441
-1	-1	0.700416814022
+1	+1	0.658385447408
+1	+1	0.917772983374
-1	+1	0.598846220842
+1	+1	0.79522036901
-1	-1	0.822677970566
+1	+1	0.528636271185
-1	+1	0.580914598563
-1	-1	0.690459444359
+1	-1	0.778888361381
+1	+1	0.600417005123
+1	-1	0.622770044889
-1	-1	0.67901695993
+1	+1	0.858888779045
+1	+1	0.693287324014
-1	-1	0.710604413459
+1	+1	0.838842738822
-1	-1	0.954234583731
-1	+1	0.936426927785
-1	+1	0.636655578139
-1	-1	0.753574176597
-1	-1	0.838141056297
+1	-1	0.688270956271
+1	-1	0.667975777947
+1	+1	0.831378526513
-1	-1	0.990756836607
+1	+1	0.728065856426
-1	+1	0.632582971677
+1	+1	0.945710983354
+1	-1	0.576881733796
+1	-1	0.530568553176
+1	+1	0.919646182171
+1	+1	0.661102035439
-1	-1	0.678006068409
+1	-1	0.626496352553
-1	+1	0.585232354994
+1	+1	0.797132715657
+1	+1	0.718703121894
-1	-1	0.588176263961
+1	+1	0.93780015506
+1	+1	0.557273806109
-1	-1	0.732628563192
-1	-1	0.892626911592
+1	+1	0.558994176798
-1	+1	0.585919032356
+1	+1	0.608157209428
+1	+1	0.708066621064
+1	-1	0.730965863245
+1	-1	0.725451556262
+1	+1	0.585144295644
+1	+1	0.982293488623
+1	+1	0.52273939136
-1	-1	0.924251343778
-1	-1	0.866135668653
-1	+1	0.990671713505
-1	-1	0.951327187379
-1	+1	0.654857903979
-1	+1	0.742489229702
-1	+1	0.875007290428
-1	-1	0.757019016811
-1	+1	0.609917532931
-1	-1	0.675802666663
+1	-1	0.643824418438
+1	+1	0.789145124488
-1	-1	0.562950227011
-1	-1	0.574991226782
+1	-1	0.50822575376
-1	-1	0.831783497935
-1	-1	0.613966075143
-1	-1	0.728465427592
+1	-1	0.742198563254
-1	-1	0.779641889719
+1	+1	0.840827912581
-1	+1	0.653707775033
-1	+1	0.61864971675
+1	+1	0.869916143965
+1	-1	0.658353365705
-1	-1	0.786671601867
+1	+1	0.728687228893
+1	-1	0.757096124025
+1	+1	0.658376600371
+1	-1	0.647981959445
+1	-1	0.796735548141
-1	+1	0.64703670125
+1	+1	0.860580363783
-1	-1	0.693806963809
+1	-1	0.62499312916
-1	+1	0.807357366918
-1	-1	0.97005728625
-1	-1	0.520353668766
-1	+1	0.515502154695
-1	+1	0.513433956827
+1	+1	0.574602292724
-1	-1	0.853014755329
-1	+1	0.502160640749
-1	+1	0.735968853233
-1	-1	0.904772507682
+1	+1	0.868786515625
+1	-1	0.606591264689
-1	-1	0.895316231428
-1	-1	0.742864507663
+1	+1	0.638597768316
+1	+1	0.663599372655
-1	-1	0.604028337491
+1	-1	0.938582808668
+1	+1	0.776643739882
-1	+1	0.684306992696
-1	-1	0.756831258329
-1	+1	0.506753883389
+1	+1	0.56872675601
+1	+1	0.57453615505
+1	+1	0.978972885515
-1	-1	0.731554763378
-1	-1	0.504595168681
+1	+1	0.835381764804
+1	+1	0.634095447564
-1	-1	0.549901311278
+1	+1	0.722122163573
-1	+1	0.68919090006
-1	+1	0.599248233872
+1	+1	0.626637542091
+1	-1	0.571305740377
+1	+1	0.677313349594
-1	+1	0.587154295852
+1	+1	0.873538320981
+1	+1	0.699614888486
+1	-1	0.800493005047
+1	+1	0.682877962693
-1	-1	0.574706263184
+1	+1	0.734857295464
-1	-1	0.504581023165
+1	+1	0.63953246323
-1	+1	0.596369227707
-1	+1	0.503407336867
+1	+1	0.651261658325
-1	+1	0.585280414734
-1	-1	0.57064997567
+1	+1	0.564417241062
-1	+1	0.503060185103
+1	+1	0.944793929677
+1	+1	0.515410738348
-1	+1	0.59460959123
+1	+1	0.70642204317
+1	+1	0.693195356778
+1	+1	0.625818583452
-1	-1	0.760277322826
-1	-1	0.775422261578
-1	-1	0.80492086118
-1	-1	0.694021803576
-1	+1	0.57016880223
-1	-1	0.776927228303
-1	-1	0.816993544628
-1	-1	0.622181119358
+1	+1	0.833230318579
-1	-1	0.989331028676
+1	-1	0.645765143583
-1	+1	0.835688661798
+1	+1	0.59283693154
+1	+1	0.641065409275
-1	+1	0.91979186514
-1	-1	0.504581023165
+1	-1	0.782432763735
-1	-1	0.847872699587
-1	-1	0.597050325936
+1	-1	0.524353331144
-1	-1	0.591109918381
+1	+1	0.760381991205
-1	-1	0.994930500131
-1	+1	0.545085735555
+1	+1	0.594479368913
+1	+1	0.726466600591
-1	+1	0.79965050311
-1	+1	0.801198260309
-1	-1	0.860702580665
-1	-1	0.753681301973
-1	-1	0.975316511283
-1	-1	0.660993204841
+1	+1	0.555687023139
+1	+1	0.579102244952
+1	-1	0.580524859278
-1	-1	0.670183430743
-1	-1	0.781660987214
+1	-1	0.775250884537
+1	+1	0.785735628803
+1	+1	0.562694504175
-1	-1	0.826600103502
+1	+1	0.863306794559
-1	-1	0.685237413331
-1	-1	0.763818794601
-1	+1	0.74946521763
+1	+1	0.640720232329
+1	+1	0.579970996322
+1	+1	0.9633928605
+1	-1	0.561981318785
+1	+1	0.637197376958
+1	+1	0.861138426731
+1	+1	0.974022534861
+1	-1	0.526595723401
-1	-1	0.501280412903
+1	+1	0.717200345539
-1	-1	0.839460190822
+1	+1	0.564239630556
-1	+1	0.56876115284
+1	+1	0.936736215
-1	-1	0.665072219296
+1	+1	0.725800755868
+1	+1	0.893499825383
+1	+1	0.577807068815
+1	-1	0.634264505015
+1	+1	0.517827076337
-1	+1	0.580351861203
+1	-1	0.715924671316
+1	-1	0.554872767878
-1	-1	0.754496854837
+1	+1	0.672252974793
-1	-1	0.811896602624
+1	+1	0.724940413341
+1	+1	0.693866432856
+1	+1	0.57649963687
-1	+1	0.540814286967
-1	-1	0.845475472997
-1	-1	0.532196817087
+1	+1	0.538932879735
+1	+1	0.598550852704
-1	-1	0.628540372836
+1	-1	0.630682799828
-1	+1	0.773311779823
+1	+1	0.503488606794
-1	-1	0.856939832927
-1	+1	0.629169763734
+1	-1	0.765236763551
-1	-1	0.906561381528
+1	-1	0.621092285173
-1	+1	0.74627256165
+1	-1	0.662247572914
-1	-1	0.637121886447
-1	-1	0.995352166272
+1	+1	0.560016058478
-1	-1	0.618605763744
+1	+1	0.863438928754
+1	-1	0.60044931659
+1	-1	0.659114368632
+1	+1	0.881891778699
-1	+1	0.802638640427
+1	-1	0.767482931542
-1	-1	0.621536172232
+1	-1	0.868922668232
-1	-1	0.909009658558
-1	-1	0.559588863559
+1	-1	0.735434639004
-1	-1	0.764921056408
+1	-1	0.879402950659
+1	-1	0.597566428579
-1	-1	0.597968655816
-1	+1	0.822782221077
+1	-1	0.646128921011
+1	-1	0.676267762325
+1	+1	0.798305077021
-1	+1	0.521821220614
-1	-1	0.65163647202
-1	-1	0.512753606396
+1	+1	0.54442116143
+1	+1	0.531036981111
+1	+1	0.537893124659
-1	-1	0.514539946335
+1	-1	0.80707136252
-1	-1	0.58321596739
-1	-1	0.931257258428
+1	+1	0.766367064854
+1	+1	0.782332073196
-1	-1	0.815504972354
-1	+1	0.628787658588
-1	-1	0.902677472127
-1	-1	0.521325451556
+1	+1	0.898458811054
-1	+1	0.948238341488
+1	-1	0.540924955772
+1	+1	0.753377544451
+1	-1	0.607216256666
+1	-1	0.80549495849
+1	+1	0.895876324441
+1	+1	0.863431743478
-1	+1	0.557527641119
+1	+1	0.75467702412
-1	+1	0.676778872351
-1	-1	0.668257738604
-1	-1	0.939019504613
+1	-1	0.504460236825
+1	+1	0.60746078562
+1	+1	0.560940783716
+1	+1	0.720118316403
-1	-1	0.663732223112
+1	+1	0.799003753032
-1	-1	0.822562334331
-1	-1	0.725042869029
+1	-1	0.591647588085
-1	-1	0.669563372374
-1	-1	0.671974271658
+1	+1	0.702580880587
-1	-1	0.756235056085
+1	-1	0.513211940271
+1	+1	0.73665578513
+1	+1	0.716706629729
+1	+1	0.720725145537
-1	-1	0.632248492617
-1	-1	0.950414073908
+1	+1	0.599587262749
+1	+1	0.589627618175
-1	-1	0.581436682625
-1	-1	0.708744710127
-1	-1	0.629076985101
+1	+1	0.924000778686
-1	+1	0.900805467672
-1	+1	0.598550643227
+1	+1	0.734113719488
+1	-1	0.778041779301
-1	-1	0.723686870742
-1	-1	0.851667011094
+1	-1	0.753886737898
-1	-1	0.79060085433
+1	+1	0.801327399668
-1	-1	0.906565549418
+1	+1	0.581831520422
+1	+1	0.91080580053
+1	+1	0.665208935546
+1	+1	0.62249736948
-1	-1	0.504581023165
+1	+1	0.676738850392
-1	-1	0.609141846812
-1	+1	0.511380879498
-1	+1	0.66208917811
+1	+1	0.858010094991
-1	+1	0.764951382792
+1	-1	0.721931440451
-1	-1	0.581821446482
+1	+1	0.58289304613
+1	+1	0.540544268942
+1	+1	0.710656468077
-1	-1	0.767209994754
-1	-1	0.91816732641
+1	-1	0.519788235772
-1	+1	0.640811580303
-1	+1	0.604520287722
-1	+1	0.639468828283
-1	-1	0.83751047426
-1	-1	0.88021575324
+1	-1	0.644080659186
-1	+1	0.82917466834
+1	-1	0.623472582207
-1	-1	0.951582944229
-1	-1	0.769133882605
+1	-1	0.65990761379
-1	+1	0.612580783829
-1	-1	0.780585401928
-1	-1	0.656648775662
+1	-1	0.706549076828
+1	+1	0.742656369701
-1	-1	0.751212264224
-1	-1	0.639369686932
+1	-1	0.604785399027
+1	-1	0.657382583758
+1	-1	0.758091137039
-1	+1	0.673729264463
+1	+1	0.653597724255
+1	+1	0.660892708169
-1	-1	0.743048407502
-1	-1	0.553724888384
-1	-1	0.782669812096
+1	-1	0.616987933099
+1	-1	0.526964248727
-1	-1	0.699164664016
-1	-1	0.625184075381
-1	+1	0.837889325391
+1	+1	0.55931771331
+1	-1	0.538260026288
+1	-1	0.753316872943
+1	-1	0.655608880701
-1	+1	0.867023393035
-1	-1	0.768254334554
+1	-1	0.954079835939
-1	+1	0.650864720746
+1	+1	0.722411115202
+1	+1	0.577508044977
+1	-1	0.579689976131
-1	+1	0.52273939136
-1	+1	0.713884046115
+1	+1	0.861416406996
-1	+1	0.516887400933
+1	+1	0.989578348553
-1	+1	0.534244164004
-1	+1	0.675319488949
+1	+1	0.628930614525
-1	+1	0.510558392325
-1	+1	0.597963411889
+1	-1	0.541208295175
+1	+1	0.676755891095
+1	-1	0.515774508764
-1	-1	0.683407727896
-1	-1	0.595937678305
-1	+1	0.542661455787
+1	+1	0.69076181913
-1	+1	0.578360378775
-1	+1	0.748178512345
+1	+1	0.88285952608
+1	+1	0.726573276763
+1	-1	0.503868373573
+1	-1	0.529365108204
+1	+1	0.965456791913
-1	-1	0.959021785278
-1	-1	0.805533815717
+1	+1	0.869913391886
-1	+1	0.588964050804
+1	+1	0.687186656634
-1	-1	0.961428270227
+1	+1	0.548899236488
+1	+1	0.624332843739
-1	+1	0.706361647374
+1	+1	0.76984360633
-1	+1	0.53916551365
-1	+1	0.682253166084
-1	-1	0.843678092274
-1	+1	0.651403515131
+1	+1	0.934281728689
-1	-1	0.60134226045
-1	+1	0.524332439976
-1	-1	0.889516483639
-1	-1	0.982058104736
-1	+1	0.591061539239
-1	-1	0.811921175916
-1	+1	0.798930037576
+1	+1	0.632610518895
+1	-1	0.710290677189
-1	-1	0.682590618802
-1	-1	0.626954789886
+1	-1	0.58779500409
+1	+1	0.576129122666
-1	-1	0.643545111908
-1	+1	0.69534166653
+1	+1	0.526884216747
+1	+1	0.91165835898
+1	-1	0.841298711834
+1	+1	0.793466324362
-1	-1	0.687708549679
+1	-1	0.7686596253
+1	+1	0.971731180413
-1	-1	0.905227371735
+1	+1	0.940371527937
+1	-1	0.904351723186
+1	-1	0.863682482959
-1	-1	0.666060340308
-1	-1	0.838516356642
-1	-1	0.875289151383
+1	+1	0.604914224592
-1	-1	0.736103243909
-1	-1	0.65804327026
-1	-1	0.867688469188
+1	-1	0.849715016622
+1	-1	0.608815930153
+1	+1	0.915523116783
+1	+1	0.700837892503
+1	+1	0.645536914035
+1	+1	0.509683647948
+1	+1	0.620097670085
-1	-1	0.566614328099
+1	+1	0.746155167203
-1	+1	0.713673181427
+1	+1	0.78838631916
+1	+1	0.517609827811
-1	+1	0.748461117099
-1	-1	0.772077358305
+1	+1	0.654210601672
+1	+1	0.524796542481
+1	+1	0.936827932863
+1	-1	0.564810682723
+1	-1	0.697711833477
+1	+1	0.875558148545
+1	-1	0.759132367188
-1	+1	0.841905532881
-1	-1	0.500630056951
-1	+1	0.723578253222
-1	+1	0.674428799375
-1	-1	0.874305150841
+1	+1	0.517261694639
+1	-1	0.55897652965
-1	+1	0.833969509796
+1	-1	0.568246014173
-1	+1	0.672434351424
+1	+1	0.531607500338
-1	+1	0.832159602494
+1	+1	0.890697547981
+1	-1	0.662050824989
+1	+1	0.894888233299
-1	+1	0.563162444778
+1	-1	0.827749403638
-1	-1	0.541085943513
+1	+1	0.923622231293
-1	-1	0.691556683102
-1	-1	0.967402885691
+1	+1	0.569002273984
-1	-1	0.757372417397
-1	-1	0.722075060396
-1	+1	0.93886514343
+1	+1	0.90561872346
-1	-1	0.570050193758
-1	-1	0.730846344696
+1	-1	0.757414978975
+1	+1	0.509315858259
+1	-1	0.729896892935
+1	+1	0.636564076028
+1	+1	0.644269171326
-1	+1	0.697721682841
-1	-1	0.826414843054
-1	-1	0.518536402678
-1	+1	0.723652792237
-1	-1	0.859869259332
+1	+1	0.961656898689
-1	-1	0.806408750021
-1	+1	0.843963899523
+1	-1	0.554453505408
-1	+1	0.663444055511
+1	-1	0.545359399625
+1	+1	0.792979629355
-1	+1	0.691016076294
+1	+1	0.626256294996
-1	+1	0.767141332693
+1	-1	0.736502732465
+1	-1	0.83648892113
-1	-1	0.646309750084
+1	-1	0.50031085952
+1	+1	0.943037147676
-1	-1	0.723902927989
+1	+1	0.783649059729
-1	-1	0.726159896592
-1	-1	0.918092644045
+1	+1	0.952182219577
-1	+1	0.644301370955
-1	+1	0.555757442177
+1	+1	0.767975178542
+1	+1	0.59902865583
+1	-1	0.658636318047
-1	-1	0.501415377941
+1	+1	0.838145383974
-1	-1	0.657798916539
+1	+1	0.591768365405
-1	-1	0.692921310551
+1	-1	0.505989527997
-1	-1	0.993613774533
+1	+1	0.596106383181
-1	-1	0.679226942533
+1	+1	0.898758038605
-1	+1	0.613694836829
-1	-1	0.971676015822
-1	+1	0.784243258546
-1	-1	0.589786977871
-1	-1	0.905972009618
+1	+1	0.795624590993
-1	-1	0.553368895345
-1	+1	0.588772450635
+1	-1	0.510651334815
+1	-1	0.640295672737
+1	+1	0.61613542094
-1	-1	0.567588566268
+1	+1	0.526567265277
+1	+1	0.943206504714
-1	-1	0.871834114108
-1	-1	0.752401666577
-1	-1	0.658589297105
-1	-1	0.736362476066
+1	+1	0.617493134332
+1	+1	0.51969130735
-1	-1	0.87634534792
+1	+1	0.845445099123
-1	-1	0.948572799805
+1	-1	0.705032600186
-1	+1	0.719168661624
+1	+1	0.686524394946
+1	+1	0.918191279684
+1	+1	0.865609873345
-1	+1	0.810775515647
-1	+1	0.525378279881
-1	+1	0.5359229519
+1	+1	0.692398964027
+1	-1	0.781091703814
-1	-1	0.616972261966
-1	-1	0.732275436537
+1	-1	0.765199337927
-1	+1	0.862845255214
-1	-1	0.548248927618
-1	+1	0.952756875095
-1	-1	0.536243357218
+1	-1	0.95346166076
+1	+1	0.663967267718
-1	-1	0.682195459313
+1	+1	0.544972680164
+1	+1	0.690240577205
+1	+1	0.863044594445
-1	+1	0.685908565727
-1	-1	0.905327123318
+1	-1	0.881310728768
-1	-1	0.993327721147
+1	-1	0.52219719292
+1	-1	0.57277518549
-1	-1	0.7216749846
-1	-1	0.785606483282
-1	-1	0.689940839825
+1	+1	0.777124231373
-1	+1	0.521079375352
-1	-1	0.711068274216
-1	-1	0.680023718653
-1	-1	0.773486281101
+1	+1	0.779379276825
-1	+1	0.575272944595
+1	+1	0.699533955055
+1	+1	0.793000585639
+1	-1	0.686776270776
+1	+1	0.902824296981
+1	+1	0.526776980297
+1	-1	0.518927963724
+1	-1	0.525026315418
-1	-1	0.697021843713
+1	+1	0.556626165033
-1	+1	0.561666815555
-1	-1	0.561048300205
+1	+1	0.712081365226
-1	-1	0.647037701262
+1	+1	0.556179487758
+1	+1	0.925365847817
+1	-1	0.582782642765
+1	-1	0.5977729063
-1	-1	0.657571399491
-1	-1	0.940482138916
-1	-1	0.714555006962
+1	-1	0.943290002126
+1	-1	0.522641864644
-1	+1	0.570258654749
+1	+1	0.726664213619
+1	-1	0.88875633065
-1	+1	0.559682720586
-1	-1	0.858492648181
+1	+1	0.506896820113
+1	+1	0.678443776517
+1	+1	0.684033787651
+1	-1	0.777065244806
+1	+1	0.702208882154
+1	+1	0.88523372696
+1	-1	0.81794508333
-1	-1	0.722403987931
+1	-1	0.533163708657
-1	-1	0.775658628356
+1	+1	0.870225191808
-1	-1	0.909360510414
+1	+1	0.780209975239
+1	+1	0.81703873429
+1	+1	0.671639724062
+1	+1	0.593665063399
+1	-1	0.811710347994
-1	+1	0.746418337763
+1	+1	0.614322401451
+1	-1	0.675710122601
+1	+1	0.533552786715
+1	+1	0.533920626917
+1	+1	0.501297025783
+1	+1	0.523499419616
-1	-1	0.546655412785
+1	-1	0.687210029117
-1	-1	0.905733633456
-1	-1	0.607478971639
+1	+1	0.784848804369
-1	-1	0.74147967196
+1	-1	0.835804865012
+1	+1	0.677768343891
-1	-1	0.906942216106
-1	-1	0.548703029816
-1	+1	0.640347550693
-1	+1	0.805836041302
-1	+1	0.560130593334
+1	-1	0.843262789274
+1	+1	0.51053735402
+1	+1	0.605631936485
+1	-1	0.618135333503
+1	+1	0.775574389993
+1	-1	0.78580786678
-1	+1	0.661170669862
+1	+1	0.617197719196
+1	+1	0.671639724062
+1	+1	0.599770378378
-1	-1	0.780208587861
+1	-1	0.721132590778
+1	+1	0.940579046271
-1	+1	0.544149787509
-1	-1	0.890888467765
-1	-1	0.670013810361
+1	+1	0.7340054457
-1	-1	0.944012396306
+1	-1	0.629379999283
-1	+1	0.907108667775
-1	-1	0.762820832421
-1	-1	0.911918916218
+1	+1	0.718781720555
-1	-1	0.813784517724
-1	-1	0.734235386244
-1	-1	0.698953192205
+1	+1	0.760733438067
-1	+1	0.614648170902
+1	+1	0.962600169914
+1	-1	0.555378123617
-1	-1	0.554955140688
-1	+1	0.637026885959
-1	-1	0.71837794376
+1	-1	0.676974603967
-1	-1	0.912311217481
+1	-1	0.721702590076
-1	-1	0.662053498476
+1	+1	0.656857833736
-1	-1	0.711776170972
-1	-1	0.745662539081
-1	-1	0.745962129239
+1	-1	0.503051366335
-1	-1	0.775630911583
+1	+1	0.803307481398
+1	-1	0.577344859668
-1	-1	0.81204027869
+1	-1	0.795110081958
+1	+1	0.597792056656
-1	-1	0.517042641874
+1	+1	0.81111645152
+1	+1	0.635862136543
-1	+1	0.735562160638
-1	+1	0.825677287614
+1	+1	0.662455560067
+1	+1	0.898019053997
-1	+1	0.591504099412
+1	-1	0.521461533974
+1	+1	0.751103935188
+1	+1	0.785489869819
+1	-1	0.82728383919
