-1	-1	0.778433314629
-1	+1	0.702867862035
-1	-1	0.945131570629
-1	+1	0.533937562161
+1	-1	0.902496736539
-1	-1	0.889943097827
-1	-1	0.912998670481
-1	-1	0.503420226945
+1	-1	0.572138452736
-1	+1	0.954490665529
-1	-1	0.737995563049
+1	+1	0.974972021104
-1	-1	0.688539179534
+1	+1	0.7415850833
+1	+1	0.867724422072
-1	+1	0.751089884079
+1	-1	0.945106750421
+1	+1	0.823510870634
+1	+1	0.56637738509
+1	+1	0.677117544025
+1	-1	0.891205815295
+1	-1	0.64065617809
-1	+1	0.933175991596
+1	+1	0.984804060608
-1	+1	0.911868551608
-1	-1	0.52707474701
-1	-1	0.829757376003
-1	-1	0.636614846894
-1	-1	0.751960547475
-1	+1	0.768558112627
-1	-1	0.953780869584
+1	+1	0.85752653118
+1	+1	0.528806654065
+1	+1	0.744775098882
-1	+1	0.64556761151
+1	-1	0.653541163591
+1	+1	0.614060141625
+1	-1	0.569155823754
-1	-1	0.934799521874
-1	+1	0.59401394832
+1	+1	0.793268560237
+1	+1	0.91868343452
+1	-1	0.831356135483
-1	+1	0.905482794947
+1	-1	0.61909173442
+1	-1	0.767298854494
-1	+1	0.726584676534
+1	+1	0.693276534549
-1	+1	0.856906077894
-1	+1	0.508610331722
-1	-1	0.56280959471
+1	+1	0.563093537831
+1	+1	0.588964889254
+1	+1	0.581511388239
-1	-1	0.631625657011
+1	-1	0.882841353313
+1	+1	0.597897104389
+1	+1	0.77929010396
-1	+1	0.586802741548
+1	+1	0.588866248154
+1	-1	0.642336897426
+1	-1	0.500705367706
+1	+1	0.755573527504
-1	-1	0.850408645693
-1	-1	0.583414410504
+1	-1	0.690309844532
+1	+1	0.658184480162
+1	+1	0.851879255862
+1	+1	0.649514475514
+1	+1	0.559490456955
-1	+1	0.551574414332
+1	-1	0.50242636826
-1	-1	0.731156091491
-1	-1	0.926552718901
+1	+1	0.585566755279
-1	-1	0.509376354877
-1	+1	0.787452004145
-1	-1	0.839616272462
+1	-1	0.591360132235
-1	+1	0.59193602883
+1	-1	0.606031642754
-1	-1	0.816394453509
+1	+1	0.641943071149
-1	+1	0.945162006092
+1	+1	0.510047399212
+1	-1	0.651482419398
-1	-1	0.733154775267
+1	+1	0.57693963252
-1	+1	0.789727137138
+1	+1	0.916975884049
-1	-1	0.948218105272
-1	-1	0.600117342955
-1	-1	0.581084778956
-1	-1	0.725193693644
-1	-1	0.574341573023
-1	-1	0.561670985943
-1	-1	0.528108930997
-1	+1	0.625222598614
-1	-1	0.8221863135
-1	-1	0.701582716294
+1	-1	0.974002300752
-1	-1	0.877826788531
-1	-1	0.982728717097
-1	-1	0.868206975258
+1	+1	0.69565185036
-1	-1	0.803409850685
-1	+1	0.707253630036
+1	+1	0.852049751888
-1	-1	0.622472301688
+1	-1	0.968416173718
-1	-1	0.524054649601
-1	-1	0.821761293016
-1	-1	0.896577442331
+1	+1	0.774315974978
+1	-1	0.811077377928
+1	+1	0.536302687387
+1	-1	0.566666743903
-1	-1	0.839937305993
-1	-1	0.946218641875
+1	-1	0.618330925598
-1	-1	0.693879430693
+1	+1	0.61009009279
-1	+1	0.583121953806
-1	+1	0.607616810537
-1	-1	0.783471921778
-1	-1	0.540896328968
-1	-1	0.822363600472
-1	-1	0.615266688511
+1	+1	0.574235018009
-1	-1	0.537945257539
-1	-1	0.930523178228
+1	+1	0.772264909758
-1	+1	0.702444362851
+1	+1	0.886764921751
-1	-1	0.854680311131
+1	+1	0.539119273929
-1	+1	0.554581676203
-1	-1	0.889087472691
-1	-1	0.516874525063
+1	-1	0.503113185765
-1	+1	0.708060637795
-1	+1	0.909647378639
+1	+1	0.873261350818
+1	+1	0.553906050808
+1	+1	0.51508152973
-1	+1	0.882316075582
-1	+1	0.96600542159
-1	-1	0.561291516931
+1	+1	0.766630411645
-1	+1	0.844025344287
+1	+1	0.501717770432
+1	-1	0.877534505736
-1	-1	0.651762460704
+1	+1	0.922173400813
+1	+1	0.722118722703
+1	-1	0.569017184604
+1	-1	0.668111065497
+1	+1	0.716665516106
-1	-1	0.506802306374
-1	-1	0.94737361785
+1	-1	0.707386447481
-1	-1	0.580923632417
-1	-1	0.923116721647
-1	-1	0.756302971207
-1	-1	0.763791148702
-1	-1	0.925594991278
-1	-1	0.925589031048
-1	+1	0.774360135526
+1	+1	0.538438813448
-1	-1	0.554914686758
+1	+1	0.893838643433
-1	-1	0.635124200637
-1	-1	0.93820233654
-1	-1	0.680062121666
-1	+1	0.512234987636
-1	-1	0.940274693767
-1	-1	0.87665427304
-1	-1	0.809044799777
-1	-1	0.913022598311
+1	-1	0.703115746302
-1	-1	0.56051649241
+1	+1	0.67744298319
-1	+1	0.708262654897
-1	-1	0.94100461848
+1	+1	0.51353812154
-1	-1	0.949251866055
+1	-1	0.80958002292
-1	-1	0.906442694114
-1	+1	0.717469033292
-1	+1	0.580399583718
-1	-1	0.680179957006
+1	-1	0.57245515973
+1	-1	0.824975215722
+1	-1	0.69147225861
-1	+1	0.859877407105
-1	+1	0.510664525338
+1	+1	0.840576362581
-1	+1	0.653981895744
-1	-1	0.787525791985
+1	+1	0.564294993677
+1	+1	0.746900640211
+1	+1	0.736446181118
-1	-1	0.674949546126
-1	-1	0.841483691788
+1	+1	0.801938535403
+1	-1	0.90916307158
-1	+1	0.660566891846
+1	-1	0.576231698015
+1	-1	0.694045240107
-1	-1	0.719307653087
-1	+1	0.508772408751
-1	+1	0.558753881443
-1	+1	0.816869239578
-1	-1	0.921023768182
+1	+1	0.903876704484
-1	-1	0.57729824962
+1	+1	0.747408909307
-1	+1	0.664473062127
+1	-1	0.814304421067
-1	-1	0.89563227682
-1	-1	0.877227612471
-1	-1	0.782101894539
+1	+1	0.845617000969
+1	+1	0.680553228398
+1	+1	0.785374213997
+1	-1	0.885192179995
+1	+1	0.636180878429
-1	-1	0.580496588255
+1	+1	0.699632516416
-1	-1	0.500947699394
-1	+1	0.534554926926
+1	+1	0.852798379973
+1	+1	0.746221604666
+1	+1	0.621954977661
+1	+1	0.71416020346
+1	-1	0.547948068471
-1	-1	0.658184737189
-1	+1	0.659290129329
-1	-1	0.726818309113
+1	+1	0.711029876017
+1	-1	0.70957613705
+1	+1	0.552005153248
-1	-1	0.87882786754
+1	+1	0.695099781503
+1	+1	0.792642234226
+1	+1	0.673621053207
-1	-1	0.726744829777
+1	-1	0.929999443195
-1	-1	0.684530921916
+1	+1	0.771162619736
+1	-1	0.911526039253
+1	-1	0.693811989101
-1	-1	0.838005421014
-1	+1	0.646137668186
-1	+1	0.758428133201
+1	+1	0.728989141062
+1	-1	0.596268333712
+1	-1	0.679845032248
+1	-1	0.766102036618
-1	-1	0.572252771778
+1	+1	0.594573726926
-1	+1	0.687847404496
-1	-1	0.512636754361
-1	-1	0.578646686788
-1	-1	0.505801051806
-1	-1	0.51355317701
-1	+1	0.516963715901
-1	-1	0.868340940318
-1	-1	0.814267547537
+1	-1	0.791576907027
+1	+1	0.641146283989
+1	+1	0.708120504679
-1	+1	0.547287640577
+1	+1	0.51581707722
-1	+1	0.623478964665
+1	+1	0.573549125684
-1	+1	0.698162353572
+1	+1	0.89618366087
-1	+1	0.590426500407
+1	+1	0.715080500523
-1	-1	0.802163211318
+1	+1	0.962183126126
+1	+1	0.844478164085
-1	+1	0.622509982924
-1	+1	0.705280012027
-1	-1	0.586037927673
+1	+1	0.912777027941
-1	-1	0.522813379122
+1	-1	0.640544448595
+1	+1	0.508664467717
+1	-1	0.564924842248
+1	-1	0.567111245437
-1	-1	0.561339335979
-1	-1	0.875140385981
-1	-1	0.849920973009
-1	+1	0.658925601963
-1	+1	0.595687931118
+1	-1	0.545672631057
-1	-1	0.842252161643
+1	-1	0.584271346495
+1	+1	0.635207992019
+1	+1	0.618190187666
+1	+1	0.952368832212
-1	-1	0.90997377566
-1	-1	0.794708669297
+1	+1	0.954395708747
+1	+1	0.58235929639
+1	-1	0.561702951974
+1	+1	0.70261477178
+1	-1	0.603237781373
-1	-1	0.643926083113
+1	+1	0.61678486018
+1	+1	0.520689108338
-1	+1	0.63798459496
+1	+1	0.716387862343
-1	-1	0.669129079144
-1	+1	0.682060715999
-1	+1	0.57360021022
-1	-1	0.729956405056
-1	+1	0.502610784479
-1	-1	0.697403814555
+1	+1	0.854979869611
-1	+1	0.513444512724
+1	+1	0.782049046833
+1	-1	0.692815714692
+1	-1	0.604990509482
+1	+1	0.901100062589
+1	+1	0.587665422083
-1	-1	0.525699780901
+1	+1	0.838116767993
-1	-1	0.626703092492
+1	-1	0.857275548303
+1	+1	0.503531751076
+1	-1	0.660043959001
+1	+1	0.921135034222
+1	+1	0.853950004401
+1	-1	0.703378198732
-1	-1	0.628070718041
+1	+1	0.655876559376
-1	-1	0.563165000253
+1	+1	0.860084785668
+1	+1	0.867914581222
+1	-1	0.705362482662
+1	+1	0.646560820254
-1	+1	0.513603216652
+1	-1	0.80208431941
-1	-1	0.837212686413
+1	+1	0.585385464967
-1	+1	0.76982331058
-1	-1	0.820108048242
+1	+1	0.755556829374
-1	+1	0.765036501034
-1	-1	0.792644363126
-1	-1	0.594135263238
+1	+1	0.773866164397
-1	-1	0.5418523641
+1	+1	0.674697227188
+1	+1	0.516637203063
-1	+1	0.583506783848
-1	+1	0.616591948787
+1	+1	0.83367053485
+1	+1	0.926855632785
+1	-1	0.876316696424
-1	-1	0.569003870741
+1	+1	0.852422283584
-1	-1	0.710996974936
+1	-1	0.508901819454
-1	+1	0.70420112737
+1	+1	0.764838644583
+1	+1	0.971898737963
+1	+1	0.938971421407
-1	-1	0.715803102659
-1	-1	0.871154377975
+1	-1	0.746497868713
-1	-1	0.575016742824
+1	+1	0.6306768688
-1	-1	0.913848579642
+1	-1	0.75822663915
+1	+1	0.659752827352
+1	+1	0.570743109652
+1	+1	0.816434417443
+1	-1	0.638532293917
-1	+1	0.941637143522
+1	+1	0.700821801714
-1	-1	0.89576568194
-1	+1	0.548027149358
-1	-1	0.957246406995
-1	+1	0.746490469048
+1	-1	0.737410556903
-1	+1	0.939586242567
+1	+1	0.865121594001
-1	-1	0.642676019052
-1	+1	0.537948622612
-1	-1	0.841207720092
+1	-1	0.62028095872
-1	-1	0.931518121619
-1	+1	0.563433707122
-1	+1	0.725870535338
-1	-1	0.970230263541
+1	-1	0.571454291813
+1	+1	0.881261746719
-1	-1	0.852171272026
-1	-1	0.74935084988
-1	-1	0.685829917779
-1	+1	0.75264667006
+1	+1	0.71808633578
+1	+1	0.796748516009
-1	-1	0.764034575236
-1	+1	0.575464361297
+1	+1	0.820081010996
+1	-1	0.536240897745
-1	-1	0.50120873326
-1	-1	0.904323544085
-1	-1	0.961565716725
-1	+1	0.751844837179
-1	-1	0.758290750472
+1	+1	0.695295468881
-1	-1	0.609992233206
+1	+1	0.734788165676
-1	-1	0.73808161002
-1	+1	0.639464094184
-1	+1	0.668103563111
+1	-1	0.719213012966
-1	-1	0.903954155447
-1	-1	0.567568798239
-1	-1	0.788794648806
+1	+1	0.516203115366
-1	-1	0.606887036751
-1	-1	0.943407548103
-1	+1	0.588797092209
+1	+1	0.948659452903
+1	+1	0.721273965746
-1	+1	0.767727709289
-1	-1	0.874271890824
+1	+1	0.603585372616
-1	-1	0.587984478243
-1	+1	0.51600544552
-1	-1	0.830510177437
-1	-1	0.813485462072
-1	-1	0.990445534997
-1	-1	0.927313976948
+1	-1	0.583883641426
-1	+1	0.643858686872
-1	-1	0.534476051493
-1	+1	0.831067535999
-1	-1	0.583352712863
-1	-1	0.654797308929
-1	-1	0.929751076311
+1	+1	0.904522789488
+1	-1	0.59945474642
+1	+1	0.942158014722
-1	-1	0.885012259655
+1	-1	0.690751479342
-1	-1	0.669534561789
-1	-1	0.835914246806
-1	-1	0.531582597115
+1	+1	0.509606844082
+1	+1	0.78889548649
+1	-1	0.725334214371
-1	-1	0.828387165649
-1	-1	0.859718685547
-1	-1	0.516376917689
+1	-1	0.548309480133
-1	-1	0.591432204965
+1	-1	0.648824122972
-1	+1	0.514439777716
-1	-1	0.613137313722
-1	+1	0.799510095219
+1	-1	0.66071320879
-1	-1	0.592287192868
+1	-1	0.796025088607
+1	+1	0.760180729469
+1	+1	0.785498189163
+1	-1	0.625643322756
-1	-1	0.721790558568
-1	-1	0.948426550788
-1	-1	0.924635437244
-1	-1	0.60684195092
+1	+1	0.537921985904
+1	+1	0.771655557959
+1	-1	0.718150312677
+1	-1	0.686533772956
-1	+1	0.550933871154
-1	+1	0.884553401999
-1	-1	0.876997780692
+1	+1	0.606042706015
-1	-1	0.740973291361
-1	-1	0.7294121371
+1	+1	0.727983317147
+1	+1	0.901034707676
+1	-1	0.553523401519
+1	+1	0.681846359242
-1	-1	0.744453989162
+1	+1	0.652674570199
-1	-1	0.653425480915
-1	-1	0.968452184723
-1	-1	0.78529411812
-1	+1	0.644035797377
-1	+1	0.800882114486
-1	-1	0.55980816697
+1	+1	0.808126507919
-1	+1	0.809859735529
-1	-1	0.896375372085
-1	-1	0.906650748265
+1	-1	0.532188668805
+1	-1	0.924443965956
+1	-1	0.533326926041
+1	-1	0.772009967218
-1	-1	0.734362208154
-1	+1	0.583155276674
-1	-1	0.856671722178
-1	-1	0.569402860187
-1	-1	0.543028738665
+1	-1	0.857028523116
-1	+1	0.793387737273
-1	-1	0.801357342965
+1	+1	0.723013265914
+1	+1	0.625042111855
+1	-1	0.884857165977
-1	+1	0.81938804849
+1	-1	0.839008148797
+1	+1	0.535172960035
-1	+1	0.676253077354
+1	+1	0.805901474653
-1	-1	0.657476394965
+1	-1	0.575226681503
+1	+1	0.786735623406
-1	-1	0.976056604366
+1	+1	0.895730842102
-1	-1	0.995220634231
+1	-1	0.871354048464
-1	-1	0.74796005597
+1	-1	0.737149066844
-1	-1	0.507625955994
+1	+1	0.626084068266
-1	-1	0.870579968734
+1	+1	0.829313101096
+1	-1	0.641210059756
+1	+1	0.904760646873
+1	-1	0.528459235302
-1	+1	0.730899413731
+1	-1	0.762594316191
+1	-1	0.751022936576
-1	-1	0.732326272827
+1	+1	0.525592632278
+1	-1	0.751284429859
-1	+1	0.678341809504
+1	+1	0.654064911916
-1	+1	0.584672919751
+1	+1	0.576415154058
-1	-1	0.692927856746
+1	+1	0.536939911004
-1	-1	0.973770171683
-1	-1	0.51672659855
+1	+1	0.738683784961
-1	-1	0.573117587765
+1	-1	0.657970093812
+1	+1	0.607860221716
+1	-1	0.583478602019
+1	+1	0.579612376664
-1	-1	0.829304839963
+1	+1	0.849474884206
-1	-1	0.697565394986
+1	-1	0.590851576637
-1	-1	0.845271024466
+1	-1	0.728211448333
-1	-1	0.608725918697
+1	+1	0.742792188794
-1	+1	0.637272565393
+1	-1	0.611680340696
-1	-1	0.919116927801
+1	-1	0.537922364908
-1	+1	0.903144917649
-1	-1	0.779569784958
-1	+1	0.717155300239
+1	-1	0.85326854189
+1	-1	0.609505050029
+1	+1	0.525213487906
+1	+1	0.774779341368
-1	+1	0.811726246785
+1	+1	0.884187714787
+1	-1	0.637413697142
+1	+1	0.689629500769
+1	-1	0.582749091644
-1	+1	0.526249295425
+1	+1	0.829428307097
+1	+1	0.920224522456
+1	+1	0.82693642616
-1	-1	0.527606498199
-1	-1	0.797407107823
-1	+1	0.629615443028
-1	-1	0.979903179301
+1	+1	0.508608088325
+1	-1	0.524054649601
+1	+1	0.626285471649
-1	-1	0.835269675454
-1	+1	0.823858300742
+1	-1	0.891760364486
+1	-1	0.523730337709
-1	-1	0.527637376493
-1	-1	0.543542543969
-1	-1	0.896948892619
-1	-1	0.795050522214
-1	-1	0.52331787021
-1	-1	0.655765953603
-1	-1	0.941084329166
+1	+1	0.87683322009
+1	-1	0.503710520561
+1	+1	0.912666511998
-1	+1	0.697785626968
-1	+1	0.518389318215
+1	-1	0.860845258395
+1	+1	0.543319335263
+1	-1	0.941129984739
+1	-1	0.804935193864
+1	-1	0.675873461535
+1	+1	0.847312893435
+1	-1	0.527590134707
+1	-1	0.868926984233
+1	+1	0.672080209492
+1	-1	0.649959828672
+1	-1	0.672390514418
+1	+1	0.692894138415
-1	-1	0.640155200896
-1	-1	0.733722220033
-1	-1	0.50213453375
+1	+1	0.525938016778
+1	+1	0.86474222513
+1	+1	0.83225199472
+1	+1	0.566592877289
+1	-1	0.62315940609
+1	+1	0.814739301294
+1	+1	0.757658415227
-1	+1	0.66352470621
-1	-1	0.826339387814
+1	-1	0.566766703726
-1	-1	0.556847211645
+1	+1	0.756838904099
-1	+1	0.591899556613
-1	-1	0.731385234665
-1	-1	0.596818627379
-1	-1	0.594891437618
+1	-1	0.570731886895
-1	-1	0.760804227323
+1	-1	0.781588579224
+1	+1	0.91393551546
+1	+1	0.504443306228
-1	-1	0.636470938885
-1	-1	0.979659171255
-1	-1	0.852936125078
+1	+1	0.585550033936
-1	-1	0.920899558205
-1	-1	0.804705068339
-1	+1	0.581141458674
+1	+1	0.670172892677
+1	-1	0.759581493081
-1	-1	0.800741702107
-1	+1	0.791786503625
-1	+1	0.722120896275
-1	-1	0.593226606515
-1	-1	0.561984669678
+1	+1	0.827659436523
+1	+1	0.885277611435
-1	-1	0.68208068616
+1	-1	0.699664126053
+1	+1	0.734884260675
+1	+1	0.877521252798
-1	-1	0.810918208252
+1	-1	0.661734715818
-1	-1	0.870459046836
+1	-1	0.675489791801
-1	-1	0.800282962265
-1	-1	0.96500452177
-1	-1	0.758257647665
+1	+1	0.856801214253
-1	+1	0.513601791175
-1	+1	0.654632461095
-1	-1	0.755141801265
+1	-1	0.553569938337
+1	+1	0.617216773424
+1	+1	0.735216307548
+1	+1	0.551623060981
-1	-1	0.527507903686
+1	-1	0.684567627055
-1	-1	0.858773125144
-1	-1	0.881828593205
+1	+1	0.55466898014
-1	+1	0.705881300889
-1	-1	0.556578228711
+1	+1	0.596399588951
-1	-1	0.593767017282
-1	-1	0.729186949405
+1	-1	0.554789405642
-1	-1	0.663953990372
+1	+1	0.766104870316
+1	-1	0.919091239146
+1	+1	0.989495239232
-1	-1	0.968762159833
-1	+1	0.789665248453
-1	-1	0.73595316716
-1	+1	0.549179280504
+1	+1	0.614396989966
+1	-1	0.641086041859
-1	-1	0.885725325997
+1	-1	0.511807718035
-1	-1	0.773797948449
+1	+1	0.95425633018
+1	+1	0.676077348851
+1	-1	0.580236951765
-1	-1	0.766049315412
-1	-1	0.920838961518
-1	+1	0.581914750848
-1	-1	0.951535306155
-1	+1	0.537380564848
+1	+1	0.808383655542
-1	-1	0.554263996897
+1	-1	0.615177500618
+1	+1	0.802512035328
+1	+1	0.609245195264
+1	-1	0.627941220776
+1	+1	0.5677500899
-1	-1	0.626811350686
+1	+1	0.546334105404
-1	-1	0.682548192309
+1	+1	0.760605388005
+1	+1	0.663239983359
-1	-1	0.582955227368
+1	+1	0.791173242105
-1	-1	0.675766089026
-1	-1	0.942887439363
-1	-1	0.685775560013
+1	-1	0.789261634167
+1	-1	0.593906044848
-1	+1	0.658343562822
+1	+1	0.894727317948
-1	-1	0.911412337879
+1	+1	0.608180330069
+1	-1	0.510154081194
+1	-1	0.630465470621
-1	-1	0.878637310215
+1	+1	0.505145934322
-1	-1	0.628510969473
-1	+1	0.775804988153
-1	+1	0.62758162222
+1	+1	0.767235089886
+1	+1	0.517275526958
-1	-1	0.534003774286
-1	+1	0.532643745351
-1	-1	0.87638521828
+1	+1	0.555723851812
+1	+1	0.853128680435
+1	+1	0.823803293861
+1	+1	0.617982068011
-1	-1	0.606809135401
+1	+1	0.831116465891
+1	+1	0.958838656826
+1	-1	0.636277113394
+1	+1	0.989678448359
-1	-1	0.946156216779
-1	-1	0.568004304161
+1	-1	0.737194286396
+1	-1	0.736278039639
+1	+1	0.614462849984
-1	-1	0.565516832637
-1	+1	0.525798904111
-1	-1	0.655330065898
-1	-1	0.710452926365
-1	-1	0.772635915031
-1	-1	0.89665033583
+1	-1	0.523322056654
+1	-1	0.590140871129
+1	-1	0.720102483041
-1	-1	0.556599918638
-1	-1	0.645539129443
-1	+1	0.607990415358
+1	-1	0.589835140429
+1	+1	0.844487750745
-1	+1	0.501072180612
-1	-1	0.656495826133
+1	+1	0.575685958108
+1	+1	0.685988087456
-1	-1	0.889389921217
-1	-1	0.991075407103
-1	+1	0.557747322663
-1	-1	0.615787097455
-1	+1	0.569801123871
-1	-1	0.581776535662
+1	-1	0.71733514259
+1	+1	0.574318733483
-1	+1	0.727909127868
-1	+1	0.50863301625
-1	-1	0.565083643811
-1	-1	0.857472106022
+1	+1	0.711376296086
-1	-1	0.731438145812
-1	-1	0.613512629431
-1	-1	0.857179643411
+1	-1	0.593700205087
-1	-1	0.514817734026
-1	+1	0.610293291723
-1	+1	0.532907100482
+1	+1	0.763287691074
+1	+1	0.832509989996
-1	+1	0.674818473635
+1	+1	0.582769982361
+1	-1	0.603288687272
+1	-1	0.539978797132
-1	-1	0.698500176637
-1	-1	0.944947412029
+1	-1	0.608741447131
+1	+1	0.734837098551
+1	+1	0.836614235209
+1	+1	0.94475160815
-1	+1	0.582136703153
-1	-1	0.67140443842
+1	+1	0.839237962733
+1	+1	0.661519623653
-1	-1	0.617417680809
-1	+1	0.823535763168
+1	+1	0.740282059622
-1	-1	0.71782423898
+1	-1	0.675474454125
-1	+1	0.672360439142
-1	-1	0.817480800257
-1	+1	0.56591088244
+1	+1	0.635424505516
+1	+1	0.552559015526
-1	-1	0.500705367706
+1	-1	0.658833384913
+1	+1	0.76647354605
-1	-1	0.724589634479
+1	-1	0.716177138803
-1	-1	0.946407535734
-1	-1	0.915781779782
-1	-1	0.955964872822
+1	+1	0.54946484812
+1	-1	0.574306487613
-1	+1	0.902931172654
+1	+1	0.866728908477
-1	-1	0.554125460269
-1	-1	0.627861225177
+1	-1	0.889480083277
+1	+1	0.712436104035
+1	+1	0.656994875496
+1	+1	0.925649049597
+1	+1	0.951903694269
+1	-1	0.771243762098
-1	-1	0.693722207829
-1	+1	0.696443449168
+1	-1	0.550388657825
+1	+1	0.908706516147
+1	-1	0.515039789235
-1	-1	0.500181597307
-1	-1	0.848641400243
+1	-1	0.718255713839
+1	-1	0.784766171675
-1	-1	0.77715805304
-1	-1	0.557976967728
+1	+1	0.930073466911
+1	+1	0.778647283802
+1	-1	0.630101327842
+1	+1	0.887691105562
-1	+1	0.629625121973
+1	-1	0.504882829565
+1	+1	0.857045787567
-1	-1	0.787098270556
-1	-1	0.604258284198
-1	-1	0.564226741931
+1	+1	0.920578062367
-1	-1	0.970012251593
-1	-1	0.751701098451
-1	-1	0.826064738225
-1	-1	0.681640898096
+1	+1	0.598185510645
-1	-1	0.8968263392
-1	+1	0.623017117896
-1	+1	0.624825022689
-1	-1	0.809727253799
+1	+1	0.82480206617
+1	+1	0.735173935209
-1	+1	0.979051576228
-1	-1	0.861464148587
-1	-1	0.646644159312
+1	-1	0.612809089799
-1	-1	0.590542706588
+1	-1	0.530875956779
+1	+1	0.712132828885
+1	-1	0.52743082983
-1	-1	0.723952373011
+1	+1	0.738625579848
+1	+1	0.775015548855
-1	-1	0.656739855865
-1	-1	0.597917552484
+1	+1	0.795243575419
-1	-1	0.59215772643
+1	-1	0.500755676689
-1	-1	0.938701544959
-1	-1	0.718719026497
+1	+1	0.518720202208
+1	-1	0.65913399352
-1	+1	0.883062574489
+1	+1	0.805778979025
-1	-1	0.628277679121
+1	-1	0.593231012559
+1	-1	0.772789448012
+1	+1	0.826342008682
-1	-1	0.811176386467
-1	-1	0.870262399906
-1	-1	0.988434171562
+1	-1	0.536509794339
+1	+1	0.813505879504
-1	+1	0.851338485257
+1	+1	0.94320613153
+1	+1	0.76325071766
+1	-1	0.720467043789
-1	+1	0.697038294035
+1	+1	0.674699410323
-1	-1	0.868871067355
+1	-1	0.787557152933
+1	+1	0.513924390418
+1	-1	0.602405903738
-1	-1	0.991807183364
+1	-1	0.857641458777
+1	-1	0.648724532674
-1	-1	0.642179566599
-1	-1	0.605051883837
+1	+1	0.761780344582
-1	+1	0.788815490619
-1	-1	0.852258204448
-1	-1	0.89702892751
-1	+1	0.636197098136
-1	+1	0.574469500279
-1	+1	0.597032554372
-1	-1	0.92808573794
-1	+1	0.511081684819
-1	-1	0.936972589719
-1	-1	0.803814162968
-1	+1	0.620999307464
-1	+1	0.651903643374
-1	-1	0.505451825147
+1	+1	0.829937427277
+1	+1	0.868202083011
-1	-1	0.728445612115
+1	+1	0.554694316772
-1	+1	0.517764794954
-1	-1	0.543976504143
-1	+1	0.501602993333
+1	-1	0.537542667245
+1	-1	0.817802016939
-1	+1	0.698437778068
-1	-1	0.547923898185
+1	+1	0.701644266765
-1	-1	0.649238217544
+1	+1	0.820373280165
-1	-1	0.930799120251
+1	+1	0.51386626257
-1	-1	0.924018710258
-1	+1	0.709528997332
+1	+1	0.80616005418
+1	+1	0.623083635149
-1	-1	0.660751726016
+1	-1	0.511034582951
+1	+1	0.88371873443
-1	+1	0.570503058649
+1	-1	0.702700152928
+1	+1	0.576492786481
-1	-1	0.762600230714
-1	-1	0.541461792846
+1	+1	0.922407697905
-1	-1	0.65613017842
+1	-1	0.74746048526
-1	-1	0.540271691641
+1	+1	0.855588306849
+1	+1	0.724851077594
+1	+1	0.796603099058
+1	+1	0.748485107633
-1	+1	0.731929073867
+1	-1	0.556738646293
-1	-1	0.718309297658
+1	+1	0.967903792281
-1	-1	0.797925946803
+1	-1	0.738561604044
-1	-1	0.578868497878
-1	-1	0.516826859487
-1	-1	0.647145989888
-1	-1	0.650830125935
-1	-1	0.861911415379
+1	+1	0.777222497633
+1	+1	0.956855310467
-1	-1	0.593892173599
+1	+1	0.502912786547
+1	+1	0.663020949289
-1	-1	0.59000266114
+1	+1	0.720159021674
-1	-1	0.626345704639
+1	-1	0.594272088127
-1	+1	0.579923086325
-1	-1	0.645067706539
-1	-1	0.86640876551
+1	-1	0.514341413214
+1	-1	0.522648383203
-1	-1	0.703786102192
-1	+1	0.749706621878
-1	-1	0.678812358899
+1	+1	0.655755898134
+1	+1	0.755933369383
-1	-1	0.926617044225
-1	+1	0.529600255737
-1	+1	0.65118755974
-1	-1	0.697863945995
-1	+1	0.528837901209
+1	+1	0.723860643738
+1	+1	0.774669463602
+1	-1	0.756635120227
-1	+1	0.541609702285
+1	+1	0.728712374417
-1	+1	0.6485067326
+1	-1	0.957139071055
+1	-1	0.714703823538
+1	-1	0.806961567658
-1	-1	0.546147052975
+1	+1	0.89698580075
+1	+1	0.596538267979
-1	+1	0.545547754873
+1	-1	0.730595609678
-1	-1	0.805097819791
-1	-1	0.854565340103
-1	-1	0.503710520561
+1	+1	0.576744599565
-1	+1	0.611546041851
+1	-1	0.780367109805
-1	-1	0.965497823907
-1	+1	0.735498846136
-1	-1	0.565619347036
-1	-1	0.553253806876
+1	+1	0.528232149026
-1	-1	0.696433728154
-1	-1	0.528110694236
+1	-1	0.724935138097
-1	+1	0.78253482024
+1	+1	0.609131789992
-1	-1	0.898420945603
+1	-1	0.574207874823
+1	+1	0.812589548521
+1	+1	0.836711356396
-1	-1	0.672822493789
+1	+1	0.833517280793
-1	-1	0.782480256728
-1	-1	0.951524859808
+1	-1	0.612687143519
+1	-1	0.545029458909
-1	+1	0.755135874951
+1	-1	0.565938181243
+1	+1	0.938192185395
-1	-1	0.846398877318
-1	+1	0.716011257672
+1	+1	0.657511577128
-1	-1	0.510642647203
+1	+1	0.905866882909
+1	+1	0.741430400124
-1	-1	0.904719833581
-1	-1	0.94389620396
-1	-1	0.702043434736
+1	-1	0.619897274959
-1	+1	0.517849293242
+1	-1	0.533413741475
-1	+1	0.711669532755
-1	+1	0.532118034052
-1	+1	0.596576889025
-1	-1	0.967869167621
-1	-1	0.583495748804
+1	+1	0.860059705129
+1	+1	0.578343946504
+1	+1	0.81436205814
-1	-1	0.95104225298
+1	+1	0.511778868546
+1	-1	0.599134589384
-1	+1	0.693011139396
-1	-1	0.981872179187
+1	+1	0.593242880834
+1	+1	0.785799194276
-1	-1	0.641955988069
+1	+1	0.768658013835
-1	-1	0.661396299803
+1	+1	0.833541234611
-1	-1	0.668785255823
-1	-1	0.74609610157
-1	+1	0.513444512724
-1	-1	0.551579357489
+1	+1	0.679643284681
+1	+1	0.534433846527
-1	-1	0.689005780244
-1	-1	0.500705367706
-1	+1	0.513444512724
-1	+1	0.580646610195
-1	-1	0.619375029237
+1	+1	0.717883163488
-1	-1	0.789161932877
-1	-1	0.849644312104
+1	+1	0.540529731854
-1	+1	0.701626834086
-1	-1	0.706875369094
+1	+1	0.654950315568
+1	+1	0.633481450079
+1	+1	0.533357876182
+1	-1	0.521181288713
+1	-1	0.579478689365
+1	+1	0.888658088054
+1	+1	0.753495810798
+1	+1	0.717890763382
-1	-1	0.591482200806
+1	+1	0.691526489084
-1	-1	0.881066718621
+1	+1	0.774783938688
+1	-1	0.791704806487
+1	-1	0.548735155881
-1	+1	0.708483757974
-1	-1	0.606210260656
-1	-1	0.948825674968
+1	+1	0.618144383084
-1	+1	0.53529429125
+1	-1	0.879674328001
+1	+1	0.725013331142
+1	-1	0.593365150138
+1	-1	0.672547713737
+1	+1	0.71537310114
+1	+1	0.506966272541
-1	-1	0.853555906579
-1	+1	0.864323360416
+1	-1	0.500705367706
-1	-1	0.796064524522
-1	+1	0.760001022208
-1	+1	0.520212494224
+1	+1	0.550253396854
-1	-1	0.771707488713
-1	-1	0.96056932586
-1	-1	0.607461101359
+1	+1	0.860829824853
+1	+1	0.722817896385
-1	+1	0.651942997218
-1	-1	0.810216645693
-1	-1	0.601191053777
+1	+1	0.594344424482
-1	-1	0.889191281804
-1	-1	0.623270085468
-1	+1	0.721032436794
-1	+1	0.754043525277
-1	-1	0.656557666318
+1	-1	0.930030748028
+1	+1	0.639536141705
-1	-1	0.814427256612
-1	-1	0.613704158909
+1	+1	0.565590422693
-1	-1	0.517260588925
+1	-1	0.505418378473
-1	-1	0.811369862699
-1	-1	0.847153276208
+1	+1	0.834179577853
-1	-1	0.83098356319
+1	-1	0.781363258149
+1	+1	0.713970997226
-1	-1	0.980203363462
-1	+1	0.508820201056
-1	-1	0.674255146383
-1	-1	0.568508494863
-1	+1	0.624842267302
+1	+1	0.736034547319
+1	+1	0.785716373205
+1	+1	0.77237251095
-1	+1	0.526617925118
+1	+1	0.835417587855
-1	-1	0.621079972721
+1	+1	0.762364549484
+1	-1	0.712296509012
-1	-1	0.808295353512
+1	-1	0.55347322767
-1	-1	0.564988399946
-1	-1	0.72778175822
+1	+1	0.71311716175
-1	-1	0.572806898061
+1	+1	0.954202571544
-1	-1	0.939134770063
+1	+1	0.78753085137
-1	-1	0.878788134874
+1	+1	0.671781102105
+1	+1	0.970247939407
-1	-1	0.82553705094
+1	-1	0.536955408338
-1	-1	0.781653529043
+1	+1	0.560804833555
-1	+1	0.623675866527
+1	+1	0.569942105318
+1	+1	0.543319673413
-1	+1	0.761265796382
-1	+1	0.530297196583
+1	+1	0.733324438453
+1	+1	0.69114856601
-1	+1	0.747980573926
-1	-1	0.605099866715
-1	-1	0.554135054945
-1	-1	0.896844925023
-1	-1	0.706555088676
+1	+1	0.977038013043
+1	+1	0.892439523046
-1	-1	0.77055305824
-1	-1	0.864253972573
+1	-1	0.641314750683
+1	+1	0.727116152037
+1	-1	0.788945876181
-1	-1	0.552372871594
+1	+1	0.862784717931
+1	+1	0.537913545411
-1	-1	0.891148368478
+1	-1	0.809452268254
-1	-1	0.938438891444
+1	+1	0.872039576728
+1	+1	0.875236554365
-1	+1	0.8230570561
+1	+1	0.663404192569
+1	+1	0.600761203777
+1	-1	0.681803143278
-1	-1	0.850891750921
-1	-1	0.51918964904
-1	-1	0.933449758246
+1	+1	0.803609657788
+1	+1	0.597551819623
-1	-1	0.790818688303
+1	-1	0.576381178073
+1	+1	0.874758597307
+1	+1	0.77676728311
-1	+1	0.56613316185
-1	+1	0.687124211381
+1	+1	0.626931344587
+1	+1	0.604634834684
+1	+1	0.685247593502
-1	-1	0.776149939626
-1	+1	0.698322377644
-1	-1	0.78667297438
+1	+1	0.689006339263
-1	-1	0.754640489198
+1	-1	0.771399263007
+1	+1	0.615379606321
-1	-1	0.969409554322
-1	+1	0.633067492959
-1	+1	0.607144080983
+1	-1	0.780061346809
+1	-1	0.711452321743
-1	-1	0.804763227489
+1	+1	0.837602458575
+1	+1	0.923484981564
-1	-1	0.59096793402
-1	-1	0.665053936535
-1	-1	0.889168036924
-1	-1	0.876939633942
+1	-1	0.515739369607
-1	-1	0.766159816992
-1	-1	0.929910550925
-1	-1	0.861898357709
-1	-1	0.524171006259
+1	+1	0.924034622243
-1	+1	0.869045111501
-1	-1	0.990356336011
+1	-1	0.57899795079
+1	+1	0.55998793601
-1	-1	0.866644082464
-1	-1	0.862723832507
-1	-1	0.797550525485
-1	-1	0.945687025493
+1	+1	0.865841236478
+1	+1	0.836786751744
+1	+1	0.567317119076
+1	+1	0.63523291726
-1	-1	0.794934509071
+1	+1	0.603897858969
-1	-1	0.751434676875
-1	-1	0.705058291148
+1	+1	0.598679367719
-1	-1	0.811248081958
+1	+1	0.878436232034
+1	+1	0.773800941711
+1	+1	0.827793716037
+1	+1	0.666386866531
+1	+1	0.618740398187
-1	-1	0.706209580676
-1	+1	0.514765875595
-1	-1	0.669935682281
-1	+1	0.671672676932
+1	-1	0.827004127025
-1	+1	0.524524870955
+1	+1	0.663697965299
+1	-1	0.551716664221
+1	-1	0.512606280451
-1	+1	0.950337318216
-1	+1	0.594730226777
+1	-1	0.535409047165
+1	-1	0.586499390756
+1	+1	0.863975927571
+1	+1	0.582376971831
+1	+1	0.780673284671
-1	-1	0.588606695009
-1	-1	0.576932168269
+1	-1	0.740999403789
-1	-1	0.774599829171
+1	+1	0.700146888866
+1	+1	0.500060989175
+1	+1	0.736724299801
+1	-1	0.71331549148
+1	+1	0.871649130998
-1	-1	0.524054649601
+1	-1	0.575212584383
-1	+1	0.590313533883
-1	+1	0.698214428154
-1	-1	0.919296873872
+1	+1	0.635772091496
-1	-1	0.782133000108
-1	-1	0.645492891249
+1	+1	0.836237333177
-1	-1	0.948137284654
+1	-1	0.609793883829
+1	+1	0.771235820056
-1	-1	0.744685765763
-1	-1	0.83726680359
-1	-1	0.61273943973
-1	-1	0.779339233259
+1	+1	0.552422633349
+1	+1	0.631094949926
+1	-1	0.500997190897
-1	-1	0.99845125464
-1	+1	0.625917897609
+1	+1	0.686034751284
+1	+1	0.705306072918
-1	-1	0.813124042153
+1	-1	0.540826212378
-1	+1	0.707271997115
+1	+1	0.692734484463
+1	+1	0.766773259484
-1	-1	0.567080673073
+1	+1	0.791572185099
-1	-1	0.68507984995
+1	-1	0.660337218076
-1	-1	0.894676028978
+1	-1	0.512081647088
-1	-1	0.78198456089
+1	+1	0.574180712652
-1	-1	0.821216995224
+1	+1	0.609677863539
-1	+1	0.888433694389
-1	-1	0.856044489624
-1	-1	0.609413718087
+1	-1	0.755768925055
-1	-1	0.691887206788
+1	+1	0.55327066991
-1	+1	0.817121381282
-1	+1	0.547288965851
+1	+1	0.576582753729
-1	-1	0.931684413607
+1	-1	0.67616935428
-1	+1	0.723126402601
-1	-1	0.656523500954
+1	-1	0.792996308386
-1	+1	0.515260472454
+1	+1	0.731053551337
-1	-1	0.699934255783
-1	-1	0.597005431656
-1	+1	0.911720008011
-1	-1	0.611958275521
+1	+1	0.829053274238
-1	+1	0.549328651907
+1	-1	0.848493397611
+1	-1	0.54905428137
-1	-1	0.794798340044
+1	-1	0.829829250778
-1	-1	0.687899118139
+1	+1	0.897334788105
-1	-1	0.893088263452
-1	-1	0.817606677013
+1	+1	0.570662154145
-1	-1	0.620449492236
-1	-1	0.873959746081
+1	-1	0.633894316543
+1	+1	0.843737803351
-1	-1	0.672682477353
+1	-1	0.600891495765
-1	-1	0.728587482411
-1	-1	0.565965443012
+1	+1	0.71069250083
-1	-1	0.91062180968
+1	+1	0.715565772245
-1	+1	0.714309059637
+1	-1	0.921845716483
-1	-1	0.737248976643
-1	+1	0.922404789179
+1	+1	0.71648619775
+1	+1	0.560030848853
+1	+1	0.616452940066
+1	-1	0.73031868403
-1	+1	0.952492066058
+1	-1	0.912803690926
+1	+1	0.555914503961
+1	+1	0.634068639493
-1	-1	0.839458064284
-1	+1	0.525600900627
+1	+1	0.505165680873
-1	-1	0.976084740242
+1	+1	0.784627431068
+1	-1	0.619174732638
+1	+1	0.874296476356
+1	+1	0.672370668888
-1	-1	0.685195611868
-1	+1	0.682854528377
+1	-1	0.606873578022
+1	+1	0.505806836932
+1	-1	0.67570121517
+1	+1	0.509250516884
+1	+1	0.605099057464
+1	-1	0.658917163127
+1	+1	0.6417825223
-1	-1	0.525424717663
+1	-1	0.746231107008
+1	-1	0.52249268006
-1	+1	0.632760145821
+1	+1	0.703455621072
+1	+1	0.904998536286
-1	-1	0.986934079422
-1	-1	0.714842024553
-1	-1	0.938033336214
-1	+1	0.807878009533
-1	+1	0.538005980668
+1	-1	0.575984092312
-1	+1	0.586076500412
-1	-1	0.627798217845
-1	+1	0.717330831228
-1	+1	0.513873514078
-1	-1	0.943708130817
-1	-1	0.601378758082
+1	+1	0.682383125684
-1	-1	0.601134868218
-1	-1	0.840337381235
-1	-1	0.782808246815
+1	+1	0.865565806299
-1	+1	0.663739621127
+1	-1	0.649125929335
-1	-1	0.536393892524
+1	+1	0.517680590105
-1	-1	0.906012206518
+1	-1	0.720058026383
-1	-1	0.736078701425
+1	+1	0.719050137947
-1	-1	0.977684779901
+1	+1	0.727043324736
+1	-1	0.781340317473
+1	-1	0.584909674391
-1	-1	0.57645028444
-1	-1	0.530940636528
-1	-1	0.549819904229
-1	-1	0.66458373782
+1	+1	0.591179964419
-1	+1	0.642046783047
+1	+1	0.841177777142
+1	+1	0.896207991916
+1	+1	0.863370772337
+1	+1	0.789200190279
+1	+1	0.936143516312
-1	-1	0.610350705415
+1	-1	0.582483820585
+1	+1	0.843377018461
+1	+1	0.53720472697
-1	+1	0.607502829583
-1	-1	0.641711774678
+1	+1	0.563124387729
-1	-1	0.778647009546
-1	-1	0.537811437506
+1	-1	0.874600888764
+1	-1	0.750877419662
-1	-1	0.983051264432
+1	-1	0.545082119904
-1	-1	0.718140872026
-1	-1	0.580317621334
+1	-1	0.783846576474
-1	+1	0.80770309801
+1	-1	0.698507438232
+1	+1	0.761691006384
-1	-1	0.821351319108
-1	+1	0.627825906686
-1	+1	0.500075158177
+1	+1	0.759383227735
-1	-1	0.77304686686
-1	+1	0.729820759706
-1	+1	0.615889914645
-1	-1	0.607437807415
-1	-1	0.615600284243
-1	-1	0.826349103982
+1	+1	0.839817676057
+1	+1	0.690953575869
-1	-1	0.524054649601
-1	-1	0.560779464589
+1	-1	0.536051153211
-1	-1	0.863414434419
+1	-1	0.729136036625
-1	-1	0.544293341598
+1	+1	0.776713034252
+1	+1	0.970919500333
+1	+1	0.880175985138
+1	-1	0.735107525641
-1	-1	0.607851438212
+1	+1	0.553844622153
-1	+1	0.869754705427
-1	-1	0.816597995853
-1	-1	0.629327142391
-1	+1	0.500039886753
-1	+1	0.732292059391
-1	-1	0.636505262073
+1	+1	0.614280934512
+1	+1	0.837432052889
+1	+1	0.513168734631
-1	+1	0.874950007631
-1	-1	0.756436819607
+1	-1	0.504416897992
-1	-1	0.81731640281
+1	-1	0.53051685205
+1	+1	0.728257067026
+1	+1	0.855693895664
+1	+1	0.783129130337
-1	+1	0.506523034046
-1	+1	0.587552166525
-1	-1	0.784774973842
+1	+1	0.55110394805
-1	+1	0.584933036975
-1	-1	0.517684025133
+1	+1	0.66945237244
-1	-1	0.738207243323
-1	-1	0.62849902245
-1	-1	0.708544945312
+1	+1	0.518634621565
+1	-1	0.679751675786
-1	-1	0.57724853474
+1	-1	0.512170207757
-1	-1	0.929304782531
-1	+1	0.895129601412
-1	+1	0.628957211615
-1	+1	0.524395746899
-1	+1	0.765082277229
-1	-1	0.923283201306
-1	-1	0.533941180552
-1	+1	0.728334318246
-1	-1	0.745191443147
+1	-1	0.580772117929
+1	+1	0.729950150074
+1	+1	0.561157896216
-1	-1	0.840376754004
-1	-1	0.645878562304
+1	-1	0.594956263897
+1	-1	0.892493348109
-1	-1	0.545900956689
+1	+1	0.709439728211
+1	+1	0.60836064457
-1	-1	0.933915696922
-1	-1	0.691873150744
+1	-1	0.529608385048
-1	-1	0.71658657629
+1	+1	0.633786792327
-1	-1	0.523425278737
-1	-1	0.62371135281
-1	-1	0.863717784531
+1	+1	0.609322452406
+1	+1	0.972011638374
+1	-1	0.805605552737
-1	-1	0.91437741604
+1	+1	0.614809585381
-1	-1	0.963024754738
-1	-1	0.93557690847
+1	+1	0.641203745677
-1	-1	0.824850965896
-1	-1	0.560000708792
-1	-1	0.932143857189
-1	+1	0.51366728608
-1	+1	0.903322242228
-1	+1	0.652923224611
-1	-1	0.75457063002
+1	+1	0.796590818036
-1	+1	0.79486976314
+1	+1	0.679486907098
-1	-1	0.674924330209
+1	+1	0.743980729137
+1	+1	0.726353103659
-1	-1	0.727201134565
+1	-1	0.547206933813
-1	+1	0.565981471326
+1	-1	0.856375797604
-1	-1	0.512077745488
+1	-1	0.834234154839
+1	+1	0.650787824047
-1	+1	0.573688177166
+1	-1	0.540177226675
+1	+1	0.656590945661
-1	-1	0.9346239054
+1	-1	0.929470376574
-1	+1	0.623952785113
+1	-1	0.612398107734
-1	-1	0.746724246135
+1	-1	0.58082699329
-1	-1	0.842888852493
-1	-1	0.674037703412
+1	-1	0.548440513782
+1	-1	0.818364815508
-1	-1	0.666497317579
+1	+1	0.946070711888
+1	-1	0.741319422883
+1	+1	0.87384702133
-1	-1	0.749076620614
-1	-1	0.89834696666
+1	+1	0.782801523902
+1	+1	0.830267505934
-1	+1	0.918855068713
+1	+1	0.630052349129
+1	+1	0.815956709152
+1	-1	0.8469620241
+1	+1	0.859122635043
-1	-1	0.597420496788
-1	-1	0.968182701645
-1	-1	0.760048199677
-1	-1	0.678084487361
+1	+1	0.557179861895
+1	+1	0.890421865332
-1	-1	0.604649140189
-1	+1	0.534285577906
-1	-1	0.582644206879
-1	-1	0.919342666771
-1	-1	0.549857561185
+1	+1	0.556839655167
+1	+1	0.878955924459
+1	+1	0.642330773231
-1	+1	0.767697252375
-1	-1	0.741518909519
-1	-1	0.765989286245
+1	+1	0.712270745635
-1	-1	0.856058846849
+1	+1	0.525666004402
-1	+1	0.518742782597
+1	+1	0.503497715405
-1	+1	0.628361458308
+1	-1	0.803882394239
-1	+1	0.917990650388
+1	+1	0.680817688089
-1	+1	0.634461578783
+1	-1	0.864704526592
-1	+1	0.563836788812
-1	+1	0.767453607099
-1	-1	0.782699831404
+1	+1	0.545256103925
-1	-1	0.709906588264
-1	-1	0.755720044995
-1	-1	0.669577452048
+1	+1	0.738814286512
+1	+1	0.838099469685
-1	+1	0.746054220457
-1	+1	0.828596442344
+1	-1	0.629239177246
-1	-1	0.748834181024
-1	-1	0.665143202893
+1	+1	0.696887894923
+1	+1	0.803381760532
+1	+1	0.715541962255
-1	-1	0.780902895052
+1	+1	0.685426144282
-1	-1	0.76826849069
+1	+1	0.761460934974
+1	-1	0.559068686829
+1	+1	0.769080837564
-1	-1	0.7887514642
+1	+1	0.890166647884
+1	+1	0.694786639063
+1	+1	0.582935066653
+1	-1	0.619295495193
-1	+1	0.574476043457
+1	+1	0.955994117351
-1	-1	0.584874180849
+1	-1	0.600121855711
+1	+1	0.74340423732
-1	-1	0.685179029428
-1	-1	0.524054649601
-1	+1	0.576009958168
+1	+1	0.760380739787
-1	-1	0.674512184184
-1	-1	0.936092928501
-1	+1	0.615144358314
-1	-1	0.722459462555
-1	-1	0.886031145569
+1	+1	0.572179207544
+1	-1	0.836111731891
+1	+1	0.613525916581
-1	-1	0.835003549212
-1	-1	0.789157636269
-1	-1	0.930938097165
-1	-1	0.552209443687
-1	-1	0.930614549523
+1	+1	0.914771622074
+1	+1	0.672843884455
+1	-1	0.585888508309
-1	-1	0.767651836964
-1	-1	0.99591987859
+1	-1	0.536935976866
+1	+1	0.605420043229
+1	-1	0.940819544739
+1	+1	0.578056433077
+1	-1	0.541082161052
+1	+1	0.533758959866
+1	+1	0.855791392071
-1	-1	0.715269472578
-1	-1	0.949324874585
+1	-1	0.942342734584
-1	-1	0.889280192239
+1	+1	0.782249094677
-1	+1	0.50129971852
-1	-1	0.726129138411
-1	-1	0.918995871885
+1	+1	0.506242707842
+1	+1	0.662417549386
+1	+1	0.778752082572
-1	-1	0.912778102457
+1	-1	0.742285938359
-1	-1	0.716591644208
-1	-1	0.828135471176
-1	+1	0.5630414991
+1	+1	0.651847427129
-1	-1	0.843381464048
+1	-1	0.760439400629
-1	+1	0.751741889998
-1	-1	0.519442184193
-1	-1	0.68483821595
+1	-1	0.537997994951
+1	+1	0.595022944519
-1	-1	0.763432416541
-1	-1	0.771272124693
+1	-1	0.883920593293
+1	+1	0.732118548231
-1	-1	0.718048008239
-1	-1	0.764498133735
+1	-1	0.627895830431
+1	-1	0.827160518779
-1	-1	0.859757980321
-1	+1	0.714064064897
-1	-1	0.556797119874
+1	+1	0.606823527048
-1	+1	0.605912104267
+1	+1	0.553392681756
+1	-1	0.905246040223
-1	-1	0.561965887362
-1	+1	0.517182416688
-1	+1	0.65814852263
-1	-1	0.647708922485
+1	-1	0.586123465914
+1	+1	0.98404551816
-1	-1	0.818708014956
-1	-1	0.707851670061
-1	+1	0.540897512201
-1	-1	0.651475809645
+1	+1	0.742249644013
+1	-1	0.676291834505
-1	-1	0.555290991376
-1	+1	0.667469661912
-1	-1	0.582792273879
+1	+1	0.858723289498
-1	+1	0.725287122817
+1	+1	0.865544133658
+1	-1	0.574431689984
-1	-1	0.580591410835
+1	+1	0.717767399083
+1	+1	0.651926133984
-1	+1	0.675164782983
+1	+1	0.935284272414
+1	+1	0.501214232319
-1	+1	0.600374548791
+1	-1	0.516678852437
+1	+1	0.85024732251
+1	+1	0.883312795867
+1	+1	0.599839000298
+1	-1	0.668371299575
-1	-1	0.507877458357
-1	+1	0.980169829975
+1	+1	0.807957378124
+1	-1	0.940991159973
+1	+1	0.679376198768
+1	+1	0.572735294655
+1	+1	0.879459919595
-1	+1	0.752814228023
+1	-1	0.564176549205
+1	+1	0.818206001781
-1	+1	0.516751760738
+1	+1	0.707853225508
+1	-1	0.646840829301
-1	-1	0.532861554534
-1	+1	0.788386773618
-1	+1	0.732740740933
+1	+1	0.680155167883
-1	-1	0.931257471252
+1	+1	0.754832810049
-1	-1	0.862269078432
+1	-1	0.921489950461
+1	+1	0.514989824186
-1	-1	0.538338290946
+1	+1	0.519408008442
+1	+1	0.935552204895
+1	-1	0.536814078672
+1	-1	0.600892055623
-1	-1	0.833243028342
-1	-1	0.992208821579
-1	-1	0.583287300298
+1	+1	0.670289137779
-1	-1	0.571781391628
-1	-1	0.720342483492
+1	-1	0.846186787134
+1	+1	0.684115246535
+1	+1	0.929523794334
-1	-1	0.511791077183
-1	+1	0.762574110285
-1	-1	0.594918166171
-1	-1	0.554402617377
+1	-1	0.791223528905
+1	+1	0.792228797042
+1	-1	0.730488211504
-1	-1	0.556782102148
-1	-1	0.584451579348
+1	-1	0.761773624423
-1	-1	0.979743750395
+1	+1	0.773136551508
-1	+1	0.9250632449
-1	-1	0.87475055731
+1	+1	0.60002608874
-1	+1	0.663203008901
+1	-1	0.857821345954
+1	-1	0.568812923282
-1	-1	0.883210107478
-1	-1	0.699072485413
-1	+1	0.508016633782
+1	+1	0.744917980218
-1	-1	0.665483757901
-1	-1	0.709750926757
+1	+1	0.756252677455
-1	-1	0.593195043707
-1	-1	0.6173212273
-1	+1	0.799616725471
-1	+1	0.595876150959
+1	+1	0.611049671264
+1	+1	0.947900368931
-1	-1	0.882601875354
-1	-1	0.859603582184
-1	-1	0.937904248211
-1	-1	0.724596646437
-1	+1	0.663612504768
+1	+1	0.867178767679
+1	+1	0.767169727265
+1	+1	0.962161967591
-1	-1	0.795956955498
+1	-1	0.623431981116
+1	+1	0.681685991444
+1	+1	0.880005378109
-1	-1	0.94778601636
+1	-1	0.635380634297
+1	-1	0.787984580963
+1	-1	0.536737394448
+1	-1	0.747552242592
+1	-1	0.776887247124
-1	-1	0.662099221229
-1	+1	0.73830878143
+1	+1	0.67424233344
+1	+1	0.8347672801
-1	+1	0.542652412475
+1	+1	0.546865793797
+1	+1	0.897559956731
-1	+1	0.593916952344
-1	-1	0.626182207956
+1	+1	0.616998594229
+1	-1	0.971816170647
-1	+1	0.655267431039
-1	-1	0.916815886889
-1	+1	0.549664774838
+1	-1	0.854469601537
-1	-1	0.684576939242
+1	+1	0.97944586741
-1	+1	0.843303705355
+1	-1	0.579266527827
-1	-1	0.530932381394
-1	-1	0.530940636528
+1	+1	0.623984104689
+1	-1	0.634058870763
+1	+1	0.846426624067
+1	+1	0.791388641215
-1	-1	0.778127430901
-1	-1	0.884649698583
+1	+1	0.758773238934
-1	+1	0.58344075123
-1	-1	0.803541442287
+1	+1	0.953770360707
-1	-1	0.823201123676
+1	-1	0.716942351404
+1	-1	0.605122747177
-1	+1	0.659724303433
+1	-1	0.671878791483
-1	-1	0.762414703966
-1	-1	0.600200434897
+1	+1	0.673392823112
+1	-1	0.500705367706
-1	+1	0.745134330037
+1	+1	0.595426470918
+1	+1	0.806059119279
+1	+1	0.873243819326
+1	-1	0.600889506966
-1	-1	0.72464670993
+1	-1	0.96355510606
+1	+1	0.561796498804
+1	-1	0.675540026849
-1	-1	0.757904220831
+1	+1	0.542024762837
+1	-1	0.82796674618
+1	-1	0.652694663627
-1	-1	0.826912927564
-1	-1	0.839129499972
-1	-1	0.875867707702
+1	-1	0.54081958915
+1	-1	0.570214680261
-1	-1	0.657729590591
-1	-1	0.894083553902
+1	+1	0.519048775267
-1	+1	0.886989161377
-1	+1	0.775774296348
+1	+1	0.841130573654
+1	-1	0.653450996089
-1	+1	0.655404134251
+1	-1	0.835788055501
-1	-1	0.865049970866
+1	+1	0.868261902646
+1	+1	0.56654475193
+1	+1	0.503813270554
-1	-1	0.704703314172
+1	+1	0.623925685773
+1	+1	0.885030971527
-1	-1	0.916666584727
+1	+1	0.651543785928
-1	-1	0.565440240325
+1	-1	0.528877834529
+1	-1	0.802313446035
+1	+1	0.518419273088
-1	+1	0.773283854121
+1	-1	0.876034520129
+1	+1	0.72480171254
-1	-1	0.742440143422
-1	-1	0.800067617689
+1	+1	0.643772992527
+1	+1	0.627779418801
-1	-1	0.913446834447
+1	+1	0.529857566029
-1	+1	0.608719997618
+1	+1	0.581114807285
+1	+1	0.583915145871
-1	+1	0.565059485629
-1	+1	0.879493838347
-1	-1	0.992368276515
-1	-1	0.594091205064
+1	-1	0.666284938323
-1	-1	0.843855950575
+1	+1	0.537865773232
-1	+1	0.811620575974
-1	+1	0.804451166453
+1	+1	0.688232449359
+1	+1	0.513097007271
+1	+1	0.768301743063
-1	-1	0.818921138823
+1	+1	0.819662905211
-1	-1	0.977070998057
+1	+1	0.730802824376
-1	-1	0.751482441517
-1	-1	0.524054649601
-1	+1	0.722249924741
-1	-1	0.714706022429
+1	-1	0.929311042373
-1	-1	0.601061540983
+1	+1	0.764943774502
-1	+1	0.706384054052
+1	+1	0.632303882368
+1	+1	0.736752607422
-1	-1	0.59807126876
-1	-1	0.942849885758
-1	-1	0.636059915712
-1	-1	0.573616545322
-1	-1	0.505402787138
-1	+1	0.782602698946
-1	+1	0.80401097822
-1	-1	0.886028452745
-1	-1	0.927965082752
+1	-1	0.617727168112
-1	-1	0.565102680538
+1	+1	0.579281475676
-1	-1	0.667623240155
-1	-1	0.678612424816
+1	+1	0.645140934
+1	-1	0.744304859539
-1	-1	0.853036772716
+1	-1	0.867699543042
-1	-1	0.828182980422
-1	+1	0.682729796995
-1	+1	0.796724965004
+1	+1	0.552914926926
+1	-1	0.660245287741
+1	+1	0.597362031866
-1	+1	0.718057546247
+1	-1	0.735861824488
+1	-1	0.74366752522
+1	-1	0.892279962467
-1	-1	0.808137237213
-1	-1	0.956018429286
+1	+1	0.503801804644
+1	-1	0.51089564608
-1	-1	0.541496732898
-1	-1	0.517989755878
-1	-1	0.893488166041
-1	-1	0.836396583802
+1	+1	0.620488408706
-1	+1	0.506604105848
-1	+1	0.53659546743
+1	+1	0.856143459692
-1	-1	0.882453090308
-1	-1	0.653750777381
+1	+1	0.949955782447
-1	-1	0.500509326045
-1	-1	0.97792474924
+1	+1	0.513444512724
-1	-1	0.59659934311
-1	+1	0.671459409917
+1	-1	0.747318420751
-1	-1	0.711694613286
+1	-1	0.744034657142
+1	+1	0.662725383566
-1	+1	0.607348161386
-1	+1	0.822044001196
-1	-1	0.688363572764
+1	+1	0.901214076142
+1	+1	0.863262506577
+1	+1	0.644163376122
+1	+1	0.787826598804
-1	+1	0.50653975141
+1	-1	0.709893400493
-1	-1	0.717296355315
+1	-1	0.794202193296
+1	-1	0.829116912147
+1	+1	0.700279649134
-1	+1	0.511605822791
+1	-1	0.650922598816
-1	+1	0.516861295266
-1	-1	0.524235543296
+1	+1	0.832878884826
-1	-1	0.881672198174
-1	-1	0.891556172992
-1	-1	0.566334777994
+1	-1	0.856510105798
+1	-1	0.909542817099
-1	-1	0.624757629085
-1	+1	0.698750364054
+1	+1	0.585307746749
+1	+1	0.70510029473
+1	+1	0.80818611019
+1	+1	0.91953214758
+1	-1	0.515245295817
-1	+1	0.616926220936
-1	-1	0.705102792168
-1	+1	0.860345794702
+1	+1	0.717739192139
-1	-1	0.575984798552
-1	+1	0.830143316387
-1	+1	0.834189328041
+1	+1	0.551724745622
-1	-1	0.976585166345
-1	+1	0.696535803166
+1	+1	0.751507996507
+1	-1	0.57274263319
+1	-1	0.532669267369
+1	+1	0.851908280126
+1	-1	0.749266456866
+1	+1	0.906571356669
+1	-1	0.822740978718
+1	+1	0.65343042485
+1	-1	0.528872447649
+1	+1	0.541146365908
-1	+1	0.519440112536
+1	+1	0.712553334454
-1	-1	0.71526430449
+1	-1	0.969802623113
+1	+1	0.728953590124
+1	+1	0.608774917671
+1	+1	0.915906698618
-1	-1	0.871700218047
+1	+1	0.577382849604
+1	+1	0.54494417324
-1	+1	0.583818733039
+1	+1	0.564790040866
+1	-1	0.751925877771
+1	+1	0.650020692193
+1	+1	0.675544854475
-1	-1	0.940303064654
+1	+1	0.847759287021
+1	+1	0.599951751636
-1	-1	0.648002790146
-1	-1	0.76638235752
+1	-1	0.663454782027
+1	-1	0.663090807803
-1	-1	0.586100732542
-1	-1	0.990497117506
+1	+1	0.534752555063
-1	+1	0.835975949871
-1	-1	0.835620206621
-1	-1	0.57636960928
-1	-1	0.768993752082
+1	+1	0.765959935773
-1	-1	0.628061415835
+1	+1	0.91541646587
+1	-1	0.817644023396
+1	+1	0.572333479599
-1	-1	0.63969612458
-1	-1	0.661610048882
-1	-1	0.554561639904
-1	+1	0.72279212383
+1	-1	0.593156964424
+1	-1	0.9240556866
-1	-1	0.848675518188
-1	-1	0.595355862337
-1	-1	0.716199798035
-1	-1	0.587735139374
+1	+1	0.777907492692
-1	+1	0.508292007465
-1	-1	0.608679497989
