+1	+1	0.751389640963
-1	+1	0.823305265732
-1	+1	0.947315992705
+1	+1	0.716451235701
-1	+1	0.625164055022
-1	-1	0.832303103906
-1	+1	0.672015864523
+1	+1	0.791687535355
+1	-1	0.657284585096
+1	+1	0.835165788411
+1	+1	0.730277016511
-1	-1	0.844624214163
+1	+1	0.646786425762
+1	+1	0.865037884776
-1	+1	0.621415683341
-1	-1	0.568651856315
-1	-1	0.668500113225
+1	+1	0.573874989667
+1	+1	0.834872378481
-1	-1	0.733574781406
+1	+1	0.603745830165
+1	-1	0.712475857091
-1	+1	0.521587687541
-1	+1	0.641731892297
-1	-1	0.623110023479
+1	-1	0.799057913546
-1	+1	0.718360767029
-1	-1	0.618668222871
-1	-1	0.692724152807
-1	+1	0.557597501274
+1	+1	0.600495018818
-1	-1	0.684943256531
+1	-1	0.818600394481
+1	-1	0.655530000204
+1	+1	0.981294523818
-1	-1	0.827881338415
-1	+1	0.661162295569
+1	+1	0.630217670207
+1	+1	0.918873956598
-1	-1	0.776608983471
+1	+1	0.839905852864
-1	-1	0.740706789015
+1	-1	0.907908707042
+1	-1	0.559598331645
-1	+1	0.60374390581
-1	+1	0.849587348514
-1	+1	0.811995677615
-1	+1	0.589583521273
-1	-1	0.707412728337
+1	-1	0.885205227797
+1	+1	0.863655843492
+1	+1	0.694490278534
+1	-1	0.788609947284
-1	-1	0.504426497565
+1	+1	0.826999458787
-1	-1	0.70086209068
+1	-1	0.732576345048
-1	-1	0.533012004635
+1	-1	0.544229998129
+1	+1	0.555228723265
-1	-1	0.851521080156
+1	+1	0.968671123909
-1	-1	0.735870422521
+1	+1	0.935908519424
-1	-1	0.597169241362
+1	+1	0.544544301887
-1	+1	0.889725666578
+1	+1	0.611871114684
-1	+1	0.525967752362
-1	-1	0.684376947489
-1	+1	0.627850023708
+1	+1	0.725859042749
-1	+1	0.692060936925
+1	+1	0.524943161962
-1	-1	0.928353836074
+1	+1	0.577566502635
-1	-1	0.915435716323
-1	-1	0.805186294821
+1	+1	0.548106769698
+1	+1	0.527871471226
-1	-1	0.797948416184
-1	-1	0.938013542979
-1	-1	0.902187460254
+1	+1	0.543364783966
-1	-1	0.540273243281
+1	-1	0.679073158821
-1	+1	0.55695571478
+1	-1	0.703144397167
-1	+1	0.664855588163
-1	-1	0.692242076119
-1	+1	0.813571568721
+1	-1	0.717478464762
+1	+1	0.638455107877
-1	-1	0.895168405446
-1	+1	0.521613075854
+1	-1	0.605169686994
-1	-1	0.769965930982
-1	-1	0.550991687919
+1	+1	0.601693693067
-1	-1	0.664587487786
+1	-1	0.648971363512
+1	-1	0.719663692898
+1	+1	0.928038703954
+1	+1	0.601289319352
+1	+1	0.664809191382
-1	-1	0.757142892565
+1	+1	0.663155436031
+1	+1	0.622397730287
+1	-1	0.735048770461
-1	+1	0.820878901896
+1	-1	0.558226983004
-1	+1	0.623438288993
+1	-1	0.694216801576
+1	+1	0.558169377243
-1	-1	0.695552055053
+1	+1	0.855869364728
+1	-1	0.528729321829
+1	-1	0.665985677897
+1	-1	0.655240276262
-1	-1	0.693233568652
-1	-1	0.802390127207
-1	+1	0.83181355393
+1	-1	0.794275056894
-1	+1	0.579219820324
+1	-1	0.819815114514
+1	+1	0.649930956794
-1	-1	0.812057951356
-1	-1	0.606085300189
+1	-1	0.59391080669
-1	-1	0.724150498088
+1	+1	0.52165531138
-1	-1	0.532734821415
-1	-1	0.652415326608
-1	-1	0.514874757773
-1	-1	0.770640677575
-1	-1	0.648622678751
+1	+1	0.974942612397
+1	+1	0.918092021957
+1	-1	0.785465047276
+1	+1	0.739542147711
+1	-1	0.909898962596
+1	+1	0.529043506848
+1	-1	0.616775546664
+1	-1	0.523001835258
-1	-1	0.740402765308
-1	-1	0.820660469741
-1	-1	0.978131858828
+1	+1	0.817361364069
+1	-1	0.583967065299
+1	+1	0.538076859478
+1	-1	0.605554977235
+1	+1	0.822693404399
+1	+1	0.553439230057
+1	+1	0.523760349391
+1	-1	0.507599079363
+1	+1	0.963800956117
+1	-1	0.739440366669
+1	+1	0.731769747666
+1	+1	0.936349981807
+1	+1	0.906758292906
-1	-1	0.658138651889
+1	-1	0.863303266101
-1	-1	0.6820402342
-1	-1	0.824510046574
-1	-1	0.909960686981
+1	-1	0.67230034002
+1	+1	0.620864872701
+1	+1	0.777051181971
+1	+1	0.691848672445
+1	+1	0.650288213217
+1	+1	0.926947369723
+1	+1	0.868859687353
-1	-1	0.504354837985
-1	-1	0.824719743676
-1	+1	0.532678509879
+1	-1	0.531112442448
-1	+1	0.617967564943
-1	-1	0.734031822556
+1	+1	0.550211500299
+1	+1	0.593270659535
-1	-1	0.812089650609
+1	+1	0.851254522527
+1	-1	0.815595080902
-1	-1	0.659652470013
-1	+1	0.915504652446
-1	-1	0.895484409165
+1	-1	0.79247896503
+1	+1	0.869264880516
+1	+1	0.920389259765
-1	-1	0.890018523828
-1	-1	0.842384676613
+1	+1	0.842383729068
-1	-1	0.578605010002
+1	-1	0.783194611996
-1	-1	0.783993343187
+1	+1	0.825063607558
-1	-1	0.877379700211
-1	+1	0.540398859849
-1	-1	0.616823464784
+1	+1	0.524051211844
+1	-1	0.672444452495
+1	-1	0.520627497343
+1	+1	0.955970546386
+1	+1	0.681527980543
-1	-1	0.702914234298
+1	+1	0.551638844941
+1	+1	0.831094206594
+1	-1	0.699480107122
-1	-1	0.742428141468
+1	-1	0.882438316933
+1	-1	0.558689095286
+1	+1	0.610532677247
-1	+1	0.559181248832
-1	+1	0.603274217135
-1	-1	0.905621784566
+1	+1	0.810175734206
+1	-1	0.91985366337
+1	+1	0.679759190984
+1	-1	0.807055146886
+1	-1	0.670808042901
+1	-1	0.585402068296
-1	-1	0.765298886639
+1	+1	0.679984135863
-1	-1	0.668143015022
+1	+1	0.575663043558
-1	-1	0.809695018412
-1	-1	0.708193503617
-1	-1	0.909244728689
+1	-1	0.615917112969
+1	-1	0.875020110585
-1	+1	0.563570570738
+1	-1	0.540980085059
-1	-1	0.519234357061
-1	-1	0.81475460669
-1	-1	0.662703809363
+1	+1	0.955529371919
-1	+1	0.708715334332
+1	+1	0.603182418507
-1	+1	0.643929986848
+1	-1	0.788125067749
+1	-1	0.54689801977
+1	+1	0.650174556668
+1	+1	0.861858852917
+1	+1	0.974764864151
-1	+1	0.60343526416
+1	+1	0.866212648019
-1	-1	0.596538239201
-1	-1	0.945171570368
+1	+1	0.736107164266
+1	+1	0.605385118809
+1	-1	0.50004182755
+1	-1	0.561118650733
+1	-1	0.713004527112
+1	+1	0.718241414982
-1	+1	0.581759097369
-1	-1	0.605029743078
-1	-1	0.91854322606
+1	+1	0.748520233005
+1	+1	0.686146905037
-1	-1	0.793939832847
-1	-1	0.609837690703
-1	-1	0.618270777006
+1	-1	0.513304561916
-1	+1	0.889438932053
+1	+1	0.597684768387
-1	+1	0.519480304542
+1	+1	0.713451167128
-1	-1	0.6377108324
-1	-1	0.979343506289
+1	-1	0.861439737037
+1	-1	0.585422014038
+1	+1	0.617301413029
+1	+1	0.539893430665
+1	+1	0.71988720082
-1	+1	0.582226085775
-1	-1	0.864655593077
+1	+1	0.561969581908
+1	-1	0.561317853995
-1	-1	0.542013938674
+1	+1	0.806663759057
+1	+1	0.791660055958
+1	-1	0.502011192478
+1	+1	0.642893942253
-1	-1	0.789736739256
+1	+1	0.683256667284
-1	-1	0.8609123847
+1	+1	0.727884936405
-1	+1	0.525099909302
-1	-1	0.565541167593
-1	-1	0.880741858523
+1	-1	0.839268883543
+1	+1	0.690575089067
-1	-1	0.520400276887
-1	-1	0.928787551785
-1	+1	0.515970000148
+1	+1	0.536738848718
+1	-1	0.549450800593
-1	-1	0.516115958971
-1	-1	0.51973636513
+1	+1	0.591041633655
-1	+1	0.587103369198
-1	-1	0.944428460325
+1	+1	0.743840367769
+1	+1	0.800567249922
+1	+1	0.55743424928
-1	-1	0.831301134164
+1	-1	0.695629933222
-1	-1	0.89331934088
-1	+1	0.534543106434
+1	+1	0.876372613437
+1	+1	0.58256582392
-1	-1	0.552975389331
+1	+1	0.92119423168
-1	+1	0.733685325997
-1	-1	0.533294847873
+1	+1	0.956629252476
-1	-1	0.799857797489
-1	-1	0.739013133686
-1	+1	0.539968993694
-1	+1	0.735406087386
+1	+1	0.516632826968
-1	-1	0.648088065044
-1	+1	0.699485040054
-1	-1	0.784956406952
+1	+1	0.838663920374
+1	+1	0.546412303664
-1	+1	0.840991969914
-1	-1	0.632245496897
-1	+1	0.940636825378
+1	+1	0.618042542046
-1	-1	0.968732873413
+1	+1	0.524587662543
-1	-1	0.574015892521
-1	-1	0.722471114477
-1	-1	0.890383459347
-1	+1	0.546424254816
+1	-1	0.598198737694
+1	+1	0.756283872152
+1	+1	0.748950211499
-1	-1	0.579867095752
+1	+1	0.987699683468
+1	+1	0.976121015633
+1	+1	0.531568275368
-1	+1	0.850825763803
-1	-1	0.916793028129
+1	-1	0.566241047792
-1	+1	0.601486827963
-1	-1	0.908634770395
-1	+1	0.597518353838
-1	-1	0.515030141274
+1	-1	0.609692302121
-1	+1	0.868876551274
-1	-1	0.898732791623
+1	+1	0.610726320499
-1	-1	0.80070971498
+1	-1	0.610271375273
+1	+1	0.943682658287
+1	-1	0.518543337364
-1	+1	0.611638783628
+1	+1	0.814354984999
+1	-1	0.835257231822
+1	+1	0.954136954222
+1	-1	0.68500956344
-1	+1	0.520692838404
-1	+1	0.68590051846
-1	-1	0.606004473592
+1	-1	0.509241520055
+1	+1	0.632505683955
+1	+1	0.660457857803
-1	-1	0.893442262045
-1	+1	0.883947279487
-1	-1	0.558820524272
-1	+1	0.572488284656
+1	-1	0.670294015526
+1	+1	0.735458083981
+1	-1	0.508909789556
-1	-1	0.686143661046
-1	-1	0.853830282151
-1	-1	0.714823568505
+1	-1	0.692540152813
+1	-1	0.804131039418
+1	+1	0.85802694598
+1	-1	0.763710312276
+1	+1	0.706039436575
+1	+1	0.614895150746
+1	-1	0.92649708558
-1	-1	0.627152483982
-1	-1	0.73819819554
-1	-1	0.76019086104
-1	-1	0.786535868725
+1	-1	0.825821089544
-1	+1	0.931824396857
+1	+1	0.785257377957
-1	-1	0.507033105822
-1	+1	0.740263996295
-1	-1	0.577304649948
-1	-1	0.967912659424
+1	-1	0.729454123709
+1	+1	0.730109962633
+1	+1	0.550669481282
-1	-1	0.980229425338
-1	+1	0.722088066551
+1	-1	0.919910033824
-1	+1	0.640404168302
-1	-1	0.635263071391
+1	-1	0.56368113891
+1	-1	0.68481840309
-1	-1	0.697337630562
-1	+1	0.679037071424
+1	+1	0.894041690391
-1	-1	0.792806198043
-1	-1	0.68571192813
+1	+1	0.874134393589
+1	+1	0.651104138659
+1	-1	0.98899683646
-1	+1	0.577438999922
+1	+1	0.547190553992
+1	+1	0.850649842073
-1	+1	0.558940351095
-1	+1	0.597604682088
-1	-1	0.837787172577
+1	-1	0.757962247442
+1	+1	0.796677166497
-1	-1	0.61724049143
-1	-1	0.976795475744
+1	+1	0.940454425875
-1	-1	0.697087080609
+1	-1	0.516673443407
-1	+1	0.624742447127
-1	+1	0.502373042247
+1	+1	0.848321829534
+1	+1	0.579517187212
-1	-1	0.594862264119
+1	+1	0.99617977619
+1	+1	0.915687974703
-1	+1	0.571305657531
+1	-1	0.552405467382
-1	-1	0.716661560691
+1	-1	0.820855066683
+1	+1	0.808630905686
+1	-1	0.541437667783
+1	+1	0.565781789177
-1	-1	0.566547256256
-1	-1	0.782052160502
-1	-1	0.696895957863
-1	-1	0.83797395713
-1	-1	0.668804507299
-1	-1	0.875277799655
-1	-1	0.690934540755
+1	+1	0.674151583325
+1	-1	0.635110198723
+1	-1	0.514874757773
+1	-1	0.655725491247
-1	-1	0.552922613013
+1	-1	0.522685922978
+1	+1	0.800534252509
+1	-1	0.63240325527
-1	+1	0.632746678465
+1	+1	0.621858814259
-1	+1	0.67515425804
+1	-1	0.627746388328
-1	+1	0.787143175168
+1	-1	0.606736758075
+1	+1	0.624322583352
-1	+1	0.859991949677
+1	+1	0.520181447456
+1	+1	0.657534594403
-1	-1	0.931638988433
+1	+1	0.848631137967
-1	-1	0.735351816684
+1	+1	0.646409514688
-1	-1	0.560900014886
-1	+1	0.564009494364
+1	+1	0.720773259257
-1	-1	0.889425502935
-1	+1	0.537176410578
+1	+1	0.511816486735
+1	+1	0.511652022685
-1	-1	0.922066592454
+1	+1	0.737319095852
-1	-1	0.691258213868
+1	+1	0.534540866076
+1	-1	0.579527776574
-1	-1	0.759942898283
+1	+1	0.949171665811
+1	-1	0.727780634843
-1	+1	0.83073298001
+1	+1	0.633907656576
-1	-1	0.699465460772
+1	+1	0.686253408568
+1	+1	0.920103036968
-1	+1	0.733298108535
-1	-1	0.647532135148
+1	+1	0.805596791889
-1	-1	0.882485545018
-1	-1	0.7598000585
+1	+1	0.902907250636
+1	-1	0.633038890879
-1	+1	0.911864129995
+1	-1	0.817073361234
+1	+1	0.870371034558
+1	-1	0.509582272749
-1	-1	0.761835471475
+1	+1	0.914162273394
-1	+1	0.715674919963
-1	-1	0.814357598652
-1	-1	0.881027937093
-1	-1	0.774827258839
-1	-1	0.63036559728
-1	+1	0.582918922164
+1	-1	0.792866028474
-1	+1	0.760354129291
+1	+1	0.721096097684
-1	-1	0.635065480081
+1	+1	0.898920985115
+1	+1	0.544478055157
-1	+1	0.510125063969
-1	-1	0.666893649149
+1	-1	0.516478049704
+1	-1	0.700208643908
-1	-1	0.573082899224
-1	+1	0.729340621208
-1	+1	0.557630685092
+1	-1	0.95995446582
-1	-1	0.648425894282
-1	-1	0.93136493035
-1	+1	0.507118501409
-1	-1	0.860836158558
+1	+1	0.94815082839
-1	-1	0.837517519161
-1	-1	0.942481688159
-1	-1	0.507599079363
+1	+1	0.919385286317
+1	+1	0.969490676013
-1	-1	0.74959396144
+1	+1	0.626817522588
-1	-1	0.699867035647
+1	+1	0.827143374516
+1	+1	0.844171649479
-1	-1	0.673993518217
-1	-1	0.770823177199
+1	+1	0.833954508809
+1	+1	0.51611886984
-1	-1	0.595164180565
-1	+1	0.758049288842
-1	+1	0.735426452346
-1	-1	0.660481035481
-1	+1	0.64954999587
+1	+1	0.625223396282
-1	+1	0.660620479487
-1	+1	0.506966902924
+1	+1	0.756751247489
-1	-1	0.86365639606
+1	-1	0.636418023795
-1	-1	0.702057867584
+1	-1	0.880050406909
+1	+1	0.720999585895
-1	-1	0.767529854206
+1	+1	0.527744146142
-1	-1	0.631252465664
-1	-1	0.514919231637
+1	-1	0.544210947338
+1	-1	0.585735435547
-1	-1	0.907052600778
+1	+1	0.927830252083
-1	-1	0.770828156985
+1	+1	0.570988789769
-1	-1	0.958109526682
+1	+1	0.985479692452
+1	-1	0.521772900792
+1	-1	0.956999702108
+1	+1	0.556357000939
+1	-1	0.860122063959
-1	-1	0.724796105446
-1	-1	0.657659843022
+1	+1	0.625351971919
+1	+1	0.834656543377
+1	+1	0.799019010388
-1	+1	0.749233062787
+1	-1	0.640650938223
+1	+1	0.826707429966
-1	-1	0.911901807881
+1	-1	0.524945216875
-1	+1	0.502109479101
-1	+1	0.675577848174
-1	-1	0.704353087181
+1	+1	0.787792302381
-1	-1	0.566932169057
-1	-1	0.639103785647
-1	-1	0.841143181913
+1	+1	0.503034775586
+1	+1	0.589010731439
-1	-1	0.705380478685
+1	+1	0.797450731187
+1	-1	0.589602105562
-1	-1	0.781467394959
+1	+1	0.947771249256
-1	-1	0.562478761941
+1	-1	0.53925762932
-1	-1	0.68992213244
-1	+1	0.564977200491
-1	-1	0.545456062654
-1	+1	0.721040642186
+1	-1	0.532734821415
+1	+1	0.649017247974
+1	+1	0.746822191891
-1	-1	0.772483178472
+1	+1	0.99710197173
+1	+1	0.533951165753
+1	+1	0.658312569137
+1	-1	0.514874757773
-1	-1	0.587766425627
-1	-1	0.858122818661
-1	+1	0.577055599491
-1	+1	0.793601370236
-1	-1	0.769858826435
-1	-1	0.822089821459
+1	+1	0.716208559634
-1	-1	0.709780169735
-1	+1	0.943945627795
-1	+1	0.617267198327
+1	+1	0.794986373281
-1	-1	0.867163189363
+1	+1	0.581247410108
-1	-1	0.855433769037
-1	+1	0.595239459837
+1	-1	0.655217003168
+1	-1	0.572120779678
+1	+1	0.527938638182
-1	-1	0.964566928607
-1	+1	0.794491927051
+1	-1	0.718630797387
-1	+1	0.701582158906
+1	-1	0.811596448399
-1	-1	0.848343982702
+1	+1	0.621047193541
-1	-1	0.959321673105
-1	+1	0.918852012738
-1	-1	0.573730244795
+1	+1	0.735379214032
+1	+1	0.616675043133
+1	-1	0.540617444201
-1	-1	0.553334548147
+1	+1	0.967143243496
+1	+1	0.900931991264
-1	+1	0.882806775968
+1	+1	0.898283283427
-1	-1	0.925583831495
-1	-1	0.889246958572
+1	-1	0.789405013627
-1	-1	0.600238992341
+1	-1	0.944530575278
-1	-1	0.799842819572
+1	-1	0.556927929377
+1	-1	0.623500145172
+1	+1	0.906170631556
+1	-1	0.572794850561
-1	+1	0.674922342359
-1	-1	0.907203150306
+1	-1	0.554203454769
-1	+1	0.618224439897
+1	+1	0.856811278157
+1	-1	0.855411941087
+1	+1	0.765902449248
+1	+1	0.786825355107
-1	+1	0.50159260839
-1	-1	0.581808408011
+1	-1	0.565650339899
-1	-1	0.768693400628
-1	+1	0.503766231945
-1	+1	0.877022439503
-1	-1	0.52612399398
+1	+1	0.867083738231
-1	-1	0.70689491628
+1	-1	0.722072374216
-1	+1	0.591619930501
+1	+1	0.860840759442
+1	+1	0.536251798022
+1	-1	0.72290611583
+1	+1	0.865125372548
+1	+1	0.976807253898
-1	+1	0.539531492398
-1	+1	0.884486145487
-1	-1	0.650226631793
-1	+1	0.67284198998
-1	-1	0.5316708084
-1	-1	0.619091019191
-1	+1	0.735609134913
+1	+1	0.63931576037
+1	+1	0.892436970518
+1	+1	0.630672844137
-1	-1	0.667122533315
-1	-1	0.805380935464
+1	+1	0.728220993988
-1	+1	0.895344317532
-1	-1	0.590282348632
-1	-1	0.759091908419
+1	-1	0.843850499914
+1	-1	0.892737310401
+1	+1	0.927629186161
+1	+1	0.931641542998
-1	-1	0.898820661155
-1	-1	0.912333855734
+1	-1	0.512520592835
-1	-1	0.78664201795
+1	+1	0.711883020958
-1	+1	0.653842310624
+1	+1	0.533098043075
+1	-1	0.772150367607
+1	-1	0.714668300117
+1	+1	0.718662684291
-1	+1	0.73791438903
-1	-1	0.70265067537
+1	-1	0.576154408917
-1	-1	0.872594850737
-1	-1	0.763797413909
-1	-1	0.52055973956
-1	-1	0.770124358506
+1	-1	0.77617148097
+1	-1	0.619556291665
-1	-1	0.647851737434
+1	+1	0.597430220621
+1	+1	0.754176207591
+1	+1	0.918478513133
+1	+1	0.878088856834
-1	-1	0.647916939976
+1	+1	0.733374460553
+1	-1	0.61523398219
-1	-1	0.78812546778
+1	+1	0.764568642937
+1	+1	0.829480467485
+1	+1	0.608255901918
+1	+1	0.541937831134
+1	-1	0.622781406857
-1	-1	0.643451413929
+1	+1	0.881132689357
-1	-1	0.615045914755
+1	+1	0.743555783074
+1	-1	0.895421377851
-1	-1	0.75225942081
+1	+1	0.819661745807
+1	+1	0.675516109701
+1	-1	0.614339135015
-1	+1	0.645493922443
-1	-1	0.589630038808
+1	-1	0.578489607327
+1	+1	0.621032134739
-1	-1	0.800833104987
-1	-1	0.523474904113
+1	+1	0.83999457254
+1	+1	0.740156140521
-1	-1	0.54524892535
+1	-1	0.81404339927
-1	+1	0.604148128162
+1	+1	0.759432689208
+1	+1	0.713002072607
-1	-1	0.844861719102
+1	+1	0.672083275981
-1	-1	0.65250222658
+1	+1	0.622701232964
+1	+1	0.764864641896
+1	+1	0.619687139386
+1	+1	0.623775987267
-1	+1	0.717363235684
+1	+1	0.771765291612
+1	-1	0.6926385565
-1	-1	0.689071136783
+1	+1	0.758953978101
+1	+1	0.808186164305
-1	-1	0.962025778017
+1	+1	0.807893867453
-1	-1	0.767846897545
+1	-1	0.886130719453
-1	-1	0.50770504874
+1	-1	0.894835221052
-1	+1	0.508525597105
-1	+1	0.857192688779
+1	+1	0.716931233229
-1	-1	0.822595932667
-1	-1	0.599559129838
-1	-1	0.842972153229
-1	-1	0.906788101136
+1	-1	0.53509778382
+1	+1	0.500062595176
-1	-1	0.736831641813
-1	+1	0.505375568917
-1	-1	0.600221957965
+1	+1	0.536419792769
-1	-1	0.514874757773
-1	+1	0.610401907523
-1	-1	0.773722107033
+1	+1	0.629111478826
-1	+1	0.685962880868
-1	+1	0.53805158847
+1	+1	0.734673404498
+1	+1	0.981302701412
-1	-1	0.694106326043
-1	-1	0.666614608123
+1	-1	0.600338345082
-1	-1	0.663126607021
+1	+1	0.620724123662
-1	-1	0.70324081012
-1	+1	0.517633290747
-1	-1	0.768054764613
-1	+1	0.53990690402
+1	+1	0.517140668951
-1	-1	0.59351562606
-1	-1	0.525311262233
+1	-1	0.527631171833
+1	+1	0.728743318743
+1	-1	0.695206696997
+1	+1	0.908449678953
+1	+1	0.590963444879
-1	-1	0.502105053472
+1	+1	0.917510870348
+1	-1	0.920551363641
+1	+1	0.820678542799
+1	+1	0.800640010905
+1	+1	0.905451486022
+1	-1	0.557805103481
-1	-1	0.809804876186
-1	+1	0.562001795848
+1	-1	0.527709273438
+1	-1	0.81595991384
+1	-1	0.554547517522
-1	-1	0.974081284187
+1	-1	0.796426509575
+1	+1	0.764447642905
-1	-1	0.82891941831
-1	+1	0.939249687605
+1	+1	0.768566321434
-1	-1	0.872697672571
+1	-1	0.629839842984
-1	-1	0.558711996144
-1	-1	0.914159079875
+1	-1	0.652888988957
+1	-1	0.610776253241
+1	+1	0.94345741091
-1	-1	0.94938822596
-1	+1	0.679287525022
-1	+1	0.685143429605
+1	-1	0.754586431265
+1	-1	0.605388572518
+1	+1	0.802873530365
+1	+1	0.611164759348
+1	+1	0.951740877119
+1	-1	0.578851494205
+1	+1	0.503766231945
-1	+1	0.584726991767
-1	-1	0.650496229189
-1	-1	0.696995929039
+1	+1	0.73388061875
-1	-1	0.718962457818
-1	-1	0.932548777223
+1	+1	0.893314851089
-1	+1	0.514188789585
-1	-1	0.550361713467
-1	-1	0.841715577394
+1	-1	0.803877621989
+1	+1	0.803263205406
-1	-1	0.79138479181
-1	+1	0.635313150602
-1	-1	0.67790340267
-1	-1	0.631216174595
+1	+1	0.856300189187
-1	+1	0.644184561029
-1	-1	0.707634329908
+1	-1	0.872714310148
-1	-1	0.508690103424
-1	-1	0.90836515774
-1	+1	0.556705947317
+1	+1	0.863714744666
+1	+1	0.748745741117
+1	-1	0.964537611859
-1	-1	0.793923575967
+1	+1	0.892596351725
-1	-1	0.885218340356
+1	-1	0.502717741983
-1	+1	0.96836681293
-1	+1	0.539479296234
+1	-1	0.538539969616
-1	-1	0.527331189736
-1	-1	0.958226305426
+1	+1	0.589225448997
-1	-1	0.944767737927
+1	+1	0.622877947337
+1	-1	0.945703803505
+1	-1	0.721800672446
-1	+1	0.510800607115
+1	-1	0.518770581386
+1	-1	0.500826104633
-1	-1	0.966282869252
+1	-1	0.674394643466
-1	-1	0.538881925066
-1	+1	0.811365755393
-1	+1	0.653641342814
-1	-1	0.839887823289
+1	+1	0.618283278682
+1	+1	0.666986195462
+1	-1	0.72866026284
+1	-1	0.652770967375
+1	+1	0.75557490434
-1	-1	0.591981094353
+1	+1	0.803384474197
+1	+1	0.977017700324
-1	+1	0.909766246541
-1	-1	0.819760927114
-1	+1	0.646465604775
+1	+1	0.8902102012
+1	+1	0.791414046886
-1	-1	0.817854445868
-1	-1	0.653737470118
-1	-1	0.78461945925
-1	-1	0.890530462183
+1	+1	0.930722201236
-1	-1	0.903576553151
-1	-1	0.705150816427
+1	-1	0.518355119492
-1	+1	0.700244827427
-1	-1	0.515723830232
-1	-1	0.871903263073
+1	+1	0.684343721955
-1	-1	0.578995481808
-1	-1	0.765872557404
-1	-1	0.807029280884
-1	-1	0.685907705962
-1	-1	0.712468721067
+1	-1	0.896523172676
+1	+1	0.521517195967
+1	+1	0.850263270835
-1	-1	0.889220524118
-1	-1	0.843570973952
+1	+1	0.718220076824
-1	+1	0.603858233268
-1	+1	0.631679604732
+1	+1	0.507528659309
+1	-1	0.949604253865
-1	-1	0.531500620626
+1	-1	0.766897103195
-1	+1	0.544869261038
-1	-1	0.78693204381
-1	-1	0.634369756634
-1	-1	0.947476966742
-1	+1	0.79627374543
-1	+1	0.633356702913
+1	-1	0.872840951207
-1	-1	0.696858381303
+1	-1	0.838362045766
+1	+1	0.547170781158
-1	-1	0.725005711957
+1	+1	0.645726545905
+1	-1	0.682953709799
+1	-1	0.666851503411
+1	+1	0.831312779379
+1	-1	0.57661552885
+1	+1	0.884238097826
-1	-1	0.600238370019
+1	+1	0.500755773275
-1	-1	0.632741555416
-1	-1	0.894687927219
-1	-1	0.743197018273
+1	+1	0.546639230344
-1	-1	0.601621890938
+1	-1	0.920617861983
+1	+1	0.795916665501
+1	-1	0.593914418974
-1	-1	0.941085058429
+1	+1	0.661408633717
+1	+1	0.674697065563
+1	+1	0.524270537704
+1	+1	0.730567081482
-1	-1	0.553407536555
-1	-1	0.784097100479
-1	-1	0.821535766163
-1	-1	0.867649361715
+1	-1	0.839096690574
-1	-1	0.728901649695
+1	+1	0.615703948951
-1	-1	0.779312375638
-1	-1	0.796118097208
-1	+1	0.558232399642
+1	+1	0.846366399296
+1	+1	0.621422648066
+1	+1	0.518030134915
+1	-1	0.516388578924
+1	-1	0.639337449994
+1	-1	0.83985201478
-1	+1	0.947204511162
-1	-1	0.773479488935
-1	-1	0.716187206969
+1	+1	0.91750053565
-1	-1	0.961091057809
-1	+1	0.532395030707
+1	+1	0.931701784371
-1	+1	0.540925956341
-1	-1	0.513252650305
+1	+1	0.518103068012
-1	-1	0.525055827226
-1	-1	0.836878676647
-1	+1	0.567483201326
+1	-1	0.618261192845
-1	-1	0.938224549304
-1	+1	0.880933968145
+1	+1	0.535930645487
+1	+1	0.784644679172
+1	-1	0.925170906574
-1	-1	0.978362525263
-1	-1	0.673755490227
+1	+1	0.765424807797
-1	-1	0.90954656299
+1	+1	0.549847261851
+1	+1	0.57423102512
+1	+1	0.856194607255
-1	+1	0.624226338186
-1	+1	0.565677764495
-1	-1	0.622775944652
-1	-1	0.915622404551
+1	+1	0.538112446482
+1	+1	0.542016095909
-1	-1	0.995572637658
-1	-1	0.655662919552
-1	+1	0.887353809238
+1	-1	0.660963678427
-1	-1	0.680146429641
-1	-1	0.990037061451
-1	-1	0.576753224779
-1	+1	0.547107696692
-1	+1	0.827513516685
+1	+1	0.951040050531
-1	-1	0.767020690625
-1	-1	0.508354938175
+1	+1	0.739934454004
+1	-1	0.705851887416
+1	+1	0.587510551373
+1	-1	0.705894298969
-1	-1	0.857843561944
+1	+1	0.574245515778
-1	+1	0.841946369075
+1	+1	0.894035159597
-1	-1	0.800912828655
+1	+1	0.829291791517
-1	-1	0.972306563371
-1	-1	0.764656722951
+1	-1	0.734258456674
-1	+1	0.875538614725
-1	+1	0.632040475966
+1	-1	0.550536909479
-1	+1	0.797095064151
-1	-1	0.860096211834
+1	+1	0.775713941805
-1	+1	0.657610933884
-1	+1	0.670024333519
-1	-1	0.552711075089
-1	-1	0.941697110873
-1	+1	0.825199244918
+1	+1	0.98470019094
-1	-1	0.899608902692
+1	+1	0.890980770824
-1	-1	0.670292214633
-1	+1	0.692437649363
-1	-1	0.603223285765
-1	+1	0.93557517193
+1	+1	0.737086473467
+1	-1	0.617037302662
-1	-1	0.932663677431
-1	+1	0.667567369344
+1	-1	0.522265139914
-1	-1	0.706939876309
+1	+1	0.721078007471
+1	+1	0.731323178436
-1	-1	0.943597833896
+1	+1	0.919447651707
+1	-1	0.82601617591
-1	-1	0.664188582031
+1	-1	0.514874757773
+1	-1	0.782071735039
+1	-1	0.657855951034
-1	-1	0.847603212278
+1	-1	0.843152550654
+1	-1	0.892443207496
+1	+1	0.522708407842
-1	-1	0.5936547178
-1	-1	0.769318899467
-1	-1	0.66165883434
-1	+1	0.517472293929
-1	+1	0.649248848712
+1	+1	0.621961501686
-1	+1	0.550151081829
+1	+1	0.893708707887
-1	-1	0.501771872559
-1	+1	0.846537222991
-1	-1	0.822005755825
+1	+1	0.629533995073
+1	+1	0.586875918771
-1	-1	0.535944862917
-1	-1	0.79905674837
+1	-1	0.687471109266
+1	+1	0.623744715037
-1	-1	0.519145711203
-1	-1	0.764900528794
-1	-1	0.853749939611
+1	-1	0.61119009991
+1	+1	0.755813019101
-1	+1	0.801576716924
+1	-1	0.766048386005
+1	+1	0.606108462178
+1	+1	0.642893724109
+1	+1	0.912840416876
+1	+1	0.831684703104
+1	+1	0.54823196603
-1	+1	0.537949955215
-1	-1	0.826893554748
-1	-1	0.863840540345
+1	+1	0.642124663832
-1	-1	0.798958307241
-1	-1	0.593522870121
-1	+1	0.679909936532
+1	+1	0.906293541157
-1	+1	0.505510296404
+1	+1	0.570510568317
+1	+1	0.881441426839
+1	+1	0.658523493668
-1	-1	0.671026057671
-1	-1	0.576804816045
-1	-1	0.680603635006
+1	+1	0.677323551206
-1	-1	0.979942061992
-1	-1	0.688714713469
+1	+1	0.789376871436
+1	+1	0.906590745891
-1	-1	0.503670572642
-1	-1	0.636357411389
+1	-1	0.704233371215
-1	-1	0.91179043358
+1	+1	0.787950623341
+1	+1	0.882392329061
+1	-1	0.768118668461
-1	-1	0.556369490972
-1	-1	0.725026278174
-1	-1	0.632387351851
+1	-1	0.947742379601
-1	-1	0.656242388015
+1	-1	0.670629328817
-1	+1	0.621480096342
+1	+1	0.534187501744
+1	+1	0.79396548433
+1	+1	0.646899358629
-1	-1	0.591838307213
-1	+1	0.708485042261
-1	-1	0.585081503544
-1	+1	0.572714207276
-1	-1	0.931195891233
+1	-1	0.700425746313
-1	-1	0.650991827729
-1	-1	0.533104742287
-1	-1	0.790103715152
-1	+1	0.619616088281
+1	+1	0.594948631811
+1	-1	0.891104255402
+1	+1	0.619278510764
+1	+1	0.79997715773
+1	-1	0.532909536555
+1	-1	0.826302029587
+1	-1	0.67221886309
+1	-1	0.599068917512
+1	+1	0.807107079793
+1	+1	0.706238295099
-1	-1	0.642582760848
-1	-1	0.975262163448
+1	+1	0.885441496873
-1	-1	0.615507919318
-1	-1	0.643483527516
-1	+1	0.625068900769
-1	-1	0.571789073124
+1	-1	0.579053517799
-1	-1	0.57641179425
-1	+1	0.55685919269
-1	+1	0.598710616916
+1	+1	0.628792977683
-1	-1	0.833034266128
+1	+1	0.694339501267
-1	+1	0.629325092154
+1	+1	0.97756068176
+1	+1	0.768497334308
-1	-1	0.94471702888
-1	-1	0.815522564905
-1	-1	0.562019672999
-1	+1	0.5560931383
-1	+1	0.723962457509
-1	-1	0.694231779199
-1	-1	0.791152854199
+1	+1	0.747918254246
-1	+1	0.593670023493
-1	-1	0.568431388226
+1	-1	0.610875158603
-1	+1	0.89385861497
-1	+1	0.544727246575
+1	+1	0.613415125543
+1	+1	0.893641049176
+1	+1	0.687884550172
-1	-1	0.976248397647
-1	-1	0.658858319249
+1	+1	0.802443902808
+1	+1	0.642067643259
-1	+1	0.879897451956
+1	-1	0.970102889889
+1	+1	0.916240845903
-1	-1	0.790590417741
-1	-1	0.653800521784
-1	+1	0.88566116156
-1	-1	0.557380165398
+1	-1	0.900781249617
-1	+1	0.579337553911
+1	-1	0.658208408703
+1	+1	0.533275545589
-1	-1	0.693025415637
+1	+1	0.696313590279
+1	+1	0.509068411727
-1	-1	0.656559932325
+1	-1	0.784559043553
+1	-1	0.692906328907
-1	+1	0.862019717713
+1	+1	0.828089045265
+1	+1	0.72480607336
+1	+1	0.528802159395
+1	+1	0.750102158198
-1	-1	0.670537644421
-1	-1	0.805043986898
+1	+1	0.553076039692
-1	-1	0.8003645114
-1	-1	0.631807489263
-1	-1	0.659552766221
+1	+1	0.962912372977
+1	+1	0.601524034994
-1	-1	0.920881950176
+1	-1	0.708882489797
+1	+1	0.741071468061
+1	-1	0.752755620548
-1	-1	0.807675439975
+1	+1	0.623028558948
+1	+1	0.722888849533
-1	-1	0.686454770569
-1	-1	0.90307671205
+1	-1	0.584476620524
+1	-1	0.542249141628
-1	-1	0.645621527808
-1	-1	0.957630266488
+1	+1	0.631508014451
+1	-1	0.524239687128
-1	-1	0.831400761093
-1	-1	0.725075337972
-1	+1	0.626190664268
+1	+1	0.648485897897
-1	-1	0.554047076732
+1	+1	0.889487127048
+1	+1	0.531278569683
-1	-1	0.580237416834
-1	-1	0.788321837454
+1	-1	0.792378068321
+1	+1	0.863013087067
-1	-1	0.586116579602
-1	-1	0.980534712944
+1	+1	0.6514012445
+1	-1	0.890737018555
+1	+1	0.701931343932
+1	+1	0.9930507349
-1	-1	0.90628167853
+1	-1	0.579795405379
-1	-1	0.860176241168
+1	-1	0.744464930779
+1	+1	0.974038610661
+1	+1	0.849324730686
+1	+1	0.507589384049
-1	-1	0.842636916784
-1	-1	0.590869260843
-1	-1	0.5225998845
-1	-1	0.537754352534
-1	-1	0.969099499129
+1	-1	0.590624471439
-1	-1	0.87407355395
-1	-1	0.51187486023
-1	-1	0.705614293418
-1	+1	0.780303632435
-1	-1	0.948496785132
-1	-1	0.585826776709
+1	-1	0.630798948537
+1	-1	0.561877134098
+1	-1	0.664679992779
-1	-1	0.727380442904
+1	+1	0.789684304912
+1	-1	0.660514373924
-1	+1	0.747768275005
+1	-1	0.609936471618
+1	-1	0.607055388181
-1	+1	0.951822765864
+1	+1	0.823493669966
+1	+1	0.76459032053
-1	+1	0.654662431106
+1	-1	0.844595710347
+1	+1	0.547801633768
+1	+1	0.522614233115
+1	-1	0.531190398018
+1	+1	0.952704131946
+1	-1	0.527843947072
+1	+1	0.90089780267
+1	-1	0.842891330853
-1	-1	0.71405953344
-1	+1	0.556005189929
-1	-1	0.758166970741
+1	+1	0.654369127761
+1	-1	0.711459219033
+1	+1	0.962503982652
+1	+1	0.814742870318
+1	+1	0.706832258217
+1	+1	0.68773873161
+1	-1	0.775189317676
-1	+1	0.652408008085
+1	-1	0.756034313263
+1	+1	0.549128856347
+1	+1	0.724566235291
+1	+1	0.604129691022
-1	-1	0.63839980454
+1	+1	0.647355432489
-1	+1	0.92714731381
+1	+1	0.827015366591
+1	-1	0.954736027549
+1	+1	0.512333499469
-1	-1	0.910999752743
+1	-1	0.662063887683
-1	-1	0.770436669649
+1	+1	0.832798843388
+1	+1	0.579932524611
+1	+1	0.643888434172
+1	+1	0.724161603888
-1	-1	0.599708134024
-1	-1	0.765058820595
-1	-1	0.67707387439
+1	-1	0.519749692054
-1	+1	0.682782317233
-1	+1	0.802866833695
+1	-1	0.584079005444
+1	+1	0.527434337648
-1	-1	0.79904766278
+1	-1	0.846139292459
-1	-1	0.631774413083
-1	+1	0.747074343684
+1	-1	0.604820328969
+1	-1	0.86180201264
-1	+1	0.572537420596
-1	+1	0.791718867433
-1	-1	0.798845490837
+1	-1	0.532258794044
+1	+1	0.819285964108
+1	+1	0.664809191382
-1	-1	0.584908035222
+1	+1	0.754078273857
+1	+1	0.889438242207
-1	+1	0.794369412132
-1	-1	0.670008053852
-1	+1	0.693790910988
-1	+1	0.57925522308
-1	-1	0.914007562165
-1	-1	0.803070824344
+1	-1	0.879626654268
-1	-1	0.560007643541
+1	+1	0.818047023994
+1	-1	0.613996088214
-1	-1	0.925492613521
-1	-1	0.567435880122
+1	+1	0.698438248751
-1	-1	0.659667924563
+1	+1	0.561796552283
+1	+1	0.811991768231
+1	-1	0.653706581692
+1	+1	0.528355359351
-1	-1	0.776140217755
-1	-1	0.548876074363
-1	-1	0.59408866603
-1	-1	0.840441553827
-1	-1	0.810936030158
+1	+1	0.752279388494
-1	-1	0.965936446535
-1	-1	0.574727203116
-1	-1	0.866150992772
-1	-1	0.785417611087
-1	+1	0.683700870855
+1	+1	0.617321192521
+1	-1	0.787729324752
+1	+1	0.536643528505
+1	+1	0.671415670704
+1	+1	0.976359498724
-1	+1	0.84374381276
+1	+1	0.538477080685
-1	-1	0.927295648954
+1	+1	0.815025218069
+1	-1	0.52787700538
+1	-1	0.501070859749
+1	+1	0.739737959039
+1	+1	0.829742044573
+1	-1	0.642233481628
-1	-1	0.937897546207
+1	+1	0.963282564114
+1	-1	0.760488806925
+1	-1	0.751192695969
+1	-1	0.588716884031
-1	-1	0.915003290724
+1	+1	0.816873723609
-1	+1	0.62583601749
+1	+1	0.815470157975
-1	-1	0.861861775479
+1	+1	0.724951842056
+1	+1	0.624661454391
+1	+1	0.869715161853
+1	+1	0.841845008139
+1	+1	0.874507731547
-1	+1	0.570956688324
+1	+1	0.835323929238
-1	-1	0.556280904658
-1	-1	0.580017810775
+1	+1	0.749403700861
-1	-1	0.583595164501
+1	+1	0.981998748571
-1	-1	0.687976141397
+1	-1	0.610162268118
+1	+1	0.795386818688
+1	-1	0.635482222981
-1	-1	0.867023251913
-1	-1	0.922271097344
+1	+1	0.71976381503
-1	+1	0.544679786135
+1	-1	0.548087649666
-1	-1	0.650088960943
-1	-1	0.740679592642
-1	+1	0.578029239653
+1	+1	0.737352977851
-1	-1	0.66441098504
-1	+1	0.759512999758
-1	+1	0.682170002805
+1	+1	0.635344194077
+1	-1	0.520878820993
-1	-1	0.565751565348
-1	-1	0.629809743567
-1	-1	0.854718018349
-1	-1	0.751137934609
-1	-1	0.688378260366
-1	-1	0.670467394334
+1	+1	0.575350596386
+1	+1	0.884954979542
+1	+1	0.914557630984
+1	+1	0.646635422005
+1	+1	0.852236663107
-1	+1	0.586356958107
+1	-1	0.624389698252
+1	+1	0.57936260097
+1	-1	0.618600329511
+1	+1	0.540647913047
+1	-1	0.712310218887
-1	-1	0.554376498615
+1	+1	0.905303647095
-1	-1	0.877230170505
+1	-1	0.698889876701
+1	-1	0.944665679046
+1	-1	0.52246643441
+1	-1	0.680630522477
-1	+1	0.664284462042
+1	+1	0.714374665522
-1	-1	0.733777542513
+1	-1	0.689636842295
+1	-1	0.763933208678
-1	-1	0.530948069568
+1	-1	0.555690530552
-1	+1	0.931020687619
-1	-1	0.659950402396
+1	+1	0.521155416933
-1	-1	0.628368145806
-1	-1	0.960951488088
+1	+1	0.94145900044
-1	-1	0.658010836663
+1	-1	0.554685518794
-1	-1	0.502412779703
-1	+1	0.63688363703
+1	+1	0.951458024908
-1	-1	0.9233523761
-1	-1	0.678998750169
+1	+1	0.89719680874
+1	-1	0.658870896672
-1	-1	0.641253378685
+1	-1	0.51995121824
+1	+1	0.974840660215
+1	+1	0.63336229769
-1	+1	0.675833351624
+1	+1	0.506849391344
+1	+1	0.662645362601
-1	+1	0.813365756294
+1	+1	0.875450020943
+1	-1	0.672713718354
-1	+1	0.688262280625
-1	-1	0.952129276831
+1	+1	0.814912299373
+1	-1	0.861600746102
+1	-1	0.769527827013
+1	-1	0.789222137436
-1	-1	0.842085523143
-1	-1	0.634501829066
-1	-1	0.832969814039
+1	+1	0.718217287769
-1	+1	0.981950889094
-1	-1	0.85884039312
+1	+1	0.920575543751
-1	+1	0.570828507945
+1	+1	0.603776877814
+1	+1	0.532971907109
-1	-1	0.690099064325
+1	-1	0.673542396605
-1	-1	0.597516996109
-1	-1	0.870118848737
+1	+1	0.562136194305
+1	+1	0.97938261808
-1	-1	0.758608394227
-1	+1	0.551509590815
+1	+1	0.653131473505
-1	+1	0.711399284327
+1	+1	0.76241580437
-1	-1	0.966528021347
-1	-1	0.959622560953
+1	+1	0.90188066998
+1	+1	0.845592690917
+1	+1	0.610293743341
-1	-1	0.900828751202
+1	-1	0.656179017495
-1	+1	0.612452150538
-1	-1	0.654468065573
-1	-1	0.678107093445
-1	-1	0.702425253072
+1	+1	0.768393535382
+1	+1	0.554230867286
+1	+1	0.872537305815
+1	-1	0.871811586632
-1	-1	0.558726501085
+1	+1	0.641177825039
+1	-1	0.532734821415
-1	-1	0.989841666038
-1	-1	0.548928477574
+1	+1	0.517499751923
+1	-1	0.711427918958
-1	-1	0.891906505332
+1	+1	0.8650999141
+1	-1	0.885623170656
-1	-1	0.891065987278
+1	+1	0.91263263144
-1	-1	0.658407665041
-1	-1	0.699770500962
-1	+1	0.911629860546
-1	+1	0.631777714335
-1	+1	0.558370736369
-1	-1	0.635117450428
-1	-1	0.843340153216
-1	-1	0.794970227603
+1	+1	0.720006876711
+1	+1	0.838153474793
-1	-1	0.532734821415
+1	+1	0.921988479266
+1	+1	0.870050941361
+1	+1	0.640077672374
-1	-1	0.570963095349
-1	-1	0.587976987847
-1	+1	0.608074693776
+1	+1	0.587067457848
+1	-1	0.93502999703
-1	-1	0.84563065305
+1	+1	0.680678143346
-1	+1	0.69209030581
+1	-1	0.517811271003
+1	+1	0.915462354208
-1	-1	0.801018664777
+1	-1	0.702279893502
-1	-1	0.762942884878
+1	+1	0.970195564723
+1	+1	0.843513493393
-1	-1	0.595823788356
-1	+1	0.677442618822
-1	-1	0.588150403436
+1	+1	0.782582537132
-1	-1	0.743987746156
+1	-1	0.677510499793
+1	+1	0.617595927737
-1	-1	0.741347262601
+1	+1	0.619287772099
+1	+1	0.544263193285
-1	-1	0.714835992867
+1	+1	0.673256579743
+1	-1	0.703105027554
-1	-1	0.835751772414
+1	-1	0.916934564477
+1	-1	0.652300588362
+1	+1	0.834333488705
+1	+1	0.678524720305
+1	-1	0.581021588398
-1	-1	0.810374221607
-1	-1	0.936145837471
-1	+1	0.948033258974
-1	-1	0.507014255177
+1	-1	0.940739024906
-1	+1	0.672204979935
+1	+1	0.816440468787
+1	+1	0.810051397429
-1	+1	0.637533537828
+1	-1	0.593015030217
+1	-1	0.574474328707
+1	+1	0.93826017203
-1	-1	0.574083724718
+1	+1	0.711217436342
+1	-1	0.728140341548
-1	-1	0.734560452002
+1	-1	0.840680511822
-1	+1	0.632827125746
+1	+1	0.86760672233
+1	-1	0.598435590353
+1	+1	0.557933551719
+1	+1	0.890320151223
-1	+1	0.537187770859
-1	-1	0.547554705298
-1	-1	0.798668189389
-1	-1	0.791148363021
-1	-1	0.672648045918
-1	-1	0.85611759149
+1	+1	0.733661513629
+1	+1	0.734319929372
-1	-1	0.818649199966
+1	+1	0.693088884612
+1	+1	0.934502076875
+1	+1	0.909213028597
-1	-1	0.888541749761
+1	-1	0.665627738932
+1	+1	0.89429066551
+1	+1	0.56656180744
+1	+1	0.555003530852
-1	-1	0.50074655465
-1	-1	0.728296762875
-1	+1	0.604000938065
-1	-1	0.972409936106
+1	-1	0.532454349144
-1	+1	0.774177024937
-1	+1	0.591993948914
-1	-1	0.546022696015
+1	-1	0.765203745034
+1	+1	0.989723004279
-1	-1	0.560026402567
+1	-1	0.89589693097
+1	+1	0.728551205217
-1	-1	0.829416309165
+1	+1	0.604231405033
+1	-1	0.659068418321
+1	+1	0.719418451993
-1	+1	0.54206474045
+1	+1	0.925853704609
+1	-1	0.652932818218
+1	-1	0.592395941382
-1	+1	0.604944117012
-1	-1	0.500047733211
+1	+1	0.611526910547
-1	-1	0.59194851546
-1	-1	0.718620257725
-1	-1	0.734255594925
+1	-1	0.52608572218
-1	-1	0.650128069058
-1	-1	0.756629942719
+1	-1	0.587270325915
+1	+1	0.687962873387
+1	+1	0.626930425573
+1	-1	0.531335789644
+1	-1	0.79554712489
-1	-1	0.715902205493
+1	+1	0.502128790736
+1	+1	0.862443177591
+1	+1	0.711550349249
+1	+1	0.513118350885
+1	+1	0.784069571103
+1	+1	0.773897464569
-1	-1	0.86710765792
+1	+1	0.518170849335
-1	-1	0.909909342827
-1	+1	0.580973137047
-1	-1	0.930759468886
-1	-1	0.638027993291
+1	+1	0.623131620066
-1	-1	0.531023458785
+1	-1	0.725505049122
-1	-1	0.660344144382
+1	+1	0.826478535996
+1	-1	0.571922000999
-1	+1	0.778940079194
+1	+1	0.505911593433
-1	-1	0.929060068957
-1	-1	0.931746591007
-1	+1	0.594403008804
-1	+1	0.503330635151
-1	-1	0.521506333681
+1	-1	0.59860137322
+1	+1	0.546083433943
+1	-1	0.627994536115
-1	+1	0.810292216257
-1	-1	0.729871270011
+1	+1	0.771497756133
-1	-1	0.686075329707
-1	-1	0.958905916558
-1	+1	0.857375561244
+1	-1	0.546876437772
-1	-1	0.945749793885
+1	-1	0.684266915916
-1	-1	0.686135835817
-1	-1	0.854696522707
-1	-1	0.816786378896
-1	-1	0.740105892726
-1	-1	0.812495922733
+1	+1	0.720283415834
+1	+1	0.50040979409
-1	-1	0.738853902665
-1	-1	0.78402732822
+1	+1	0.502688195339
+1	+1	0.916892932131
-1	+1	0.885743889088
+1	-1	0.703640920783
-1	-1	0.89846068
+1	-1	0.633554713406
+1	+1	0.54088382526
+1	+1	0.858229572443
+1	-1	0.635953254059
+1	+1	0.678062119489
+1	-1	0.915170525841
-1	+1	0.510449763087
+1	-1	0.558757280791
+1	+1	0.528672606533
-1	-1	0.767904344906
+1	-1	0.603234662138
+1	+1	0.645083145666
-1	+1	0.531048227911
+1	+1	0.819317801567
+1	+1	0.927198191116
+1	-1	0.520614471196
-1	+1	0.500779797915
-1	-1	0.601441562826
-1	-1	0.562186375103
-1	-1	0.739078144074
-1	+1	0.73358665429
-1	-1	0.65857952521
-1	-1	0.811306559412
-1	-1	0.967197898942
+1	-1	0.512468729823
+1	+1	0.83722090615
-1	-1	0.959973126993
-1	-1	0.641308693235
+1	+1	0.588751089753
-1	-1	0.809801631346
-1	+1	0.855322879467
+1	-1	0.639337124322
-1	-1	0.767842480461
+1	+1	0.803882865474
-1	-1	0.515876732422
-1	+1	0.668578258606
+1	+1	0.623702460949
+1	+1	0.503806181508
-1	-1	0.549833754969
+1	-1	0.840774419584
-1	-1	0.544935385852
+1	+1	0.800410726101
+1	-1	0.556256574459
+1	+1	0.60817881721
-1	-1	0.782698729766
+1	+1	0.665399420066
+1	-1	0.666557810197
+1	-1	0.731390987191
-1	-1	0.532734821415
+1	-1	0.578900155
-1	-1	0.60819328109
-1	-1	0.843950586975
+1	+1	0.556491276498
-1	-1	0.659249890682
-1	+1	0.706801846686
-1	+1	0.765710105061
+1	+1	0.786823439556
-1	+1	0.688624166836
-1	-1	0.732119629592
+1	+1	0.549184662456
-1	-1	0.615321242478
+1	+1	0.769366057849
+1	+1	0.610786173841
-1	-1	0.932442438705
-1	-1	0.804871596323
+1	+1	0.534574437027
-1	-1	0.892923272602
-1	+1	0.783061710723
-1	+1	0.897878883045
-1	-1	0.916645082929
-1	-1	0.671081262115
+1	+1	0.651435108012
-1	+1	0.641169907163
+1	+1	0.970982941072
-1	-1	0.955832656706
-1	-1	0.522401987927
+1	-1	0.920450850033
+1	+1	0.745705370266
+1	-1	0.537356186627
-1	+1	0.595677270745
+1	+1	0.89522563432
+1	+1	0.577924448093
-1	-1	0.919724980197
-1	-1	0.674825559686
-1	+1	0.516390695885
+1	+1	0.704395380766
-1	+1	0.614868831806
-1	-1	0.860946171907
+1	-1	0.648136826017
-1	+1	0.718659126362
-1	+1	0.582047722288
+1	-1	0.786681805111
-1	-1	0.54332666373
-1	-1	0.902232020239
+1	+1	0.779022710053
+1	-1	0.602371569537
-1	-1	0.71927861494
+1	+1	0.848876252386
+1	-1	0.638394921044
+1	+1	0.568117310704
+1	-1	0.515940404943
+1	+1	0.568488864401
-1	-1	0.828202740803
+1	+1	0.61523766912
+1	+1	0.576214149244
-1	-1	0.667526105904
-1	-1	0.620720204995
-1	-1	0.772773125761
+1	-1	0.894570408337
-1	-1	0.614754024565
+1	-1	0.8613842387
+1	-1	0.90729142948
+1	+1	0.593320706754
+1	+1	0.531855100617
-1	-1	0.50240898906
+1	+1	0.843600739283
-1	-1	0.690245798471
-1	-1	0.831433409632
-1	-1	0.815060275734
+1	-1	0.768698645744
+1	+1	0.801149580384
+1	+1	0.552489234312
+1	-1	0.641889821247
+1	+1	0.681736657107
-1	-1	0.896895623415
+1	+1	0.646102723981
-1	-1	0.514297815349
+1	+1	0.822720548734
-1	+1	0.776131547855
-1	-1	0.827202208823
-1	-1	0.522843591632
+1	+1	0.710403991486
+1	-1	0.785468704222
-1	+1	0.509348763549
+1	+1	0.761484825723
+1	+1	0.796093648757
+1	+1	0.563260297818
+1	-1	0.819814716274
+1	+1	0.696149121442
-1	-1	0.639267736161
-1	-1	0.776027994633
+1	-1	0.559392215412
+1	-1	0.687545545207
+1	+1	0.877771250987
+1	+1	0.708052778841
-1	+1	0.572891235645
+1	+1	0.977144035059
+1	+1	0.729122437208
-1	+1	0.532832609212
+1	+1	0.698216830631
-1	+1	0.850925207558
+1	+1	0.565165644771
-1	-1	0.728473769996
-1	+1	0.526151188886
+1	+1	0.795360024177
+1	-1	0.621580857763
-1	+1	0.5700184522
+1	-1	0.734037043039
-1	-1	0.694815641477
+1	+1	0.821604138481
-1	-1	0.726451774302
-1	-1	0.72248256248
-1	-1	0.674071274174
+1	+1	0.810770983589
-1	+1	0.659760177852
+1	-1	0.861723715408
-1	-1	0.52926957802
-1	-1	0.801373893187
+1	+1	0.892276068221
-1	-1	0.516104241845
+1	-1	0.509227156011
+1	+1	0.778688311483
-1	+1	0.523672118613
-1	-1	0.74630778804
+1	+1	0.874065599131
+1	+1	0.791230926455
+1	+1	0.776509479026
-1	-1	0.800005031983
-1	-1	0.906768976946
+1	-1	0.712885274713
-1	-1	0.51632408241
-1	-1	0.659259897831
+1	-1	0.697827599031
-1	+1	0.785652336674
+1	+1	0.740006014403
-1	+1	0.714844474895
+1	-1	0.759899324415
+1	-1	0.75485297728
+1	-1	0.706833943494
-1	+1	0.688509795834
-1	-1	0.68804597419
+1	-1	0.720589695044
+1	-1	0.561427027815
-1	-1	0.843791743096
-1	+1	0.598387682236
+1	+1	0.883203082241
-1	+1	0.544837822566
+1	+1	0.790715963587
-1	-1	0.75025230158
+1	+1	0.808216926604
+1	+1	0.778713992107
+1	+1	0.518761378758
+1	+1	0.654668348644
-1	-1	0.821231219742
+1	-1	0.722829053046
-1	-1	0.798167138914
-1	+1	0.502069103459
+1	+1	0.734304072579
-1	+1	0.733372746158
+1	+1	0.603274655056
-1	-1	0.5832951594
-1	+1	0.621852528967
+1	-1	0.797657643319
+1	-1	0.534076001174
-1	-1	0.560376344007
-1	+1	0.632171344253
+1	+1	0.663229541235
+1	+1	0.816182572425
+1	+1	0.559607129045
-1	-1	0.698216975862
-1	-1	0.797295595553
+1	+1	0.910140744631
-1	+1	0.687848518462
+1	-1	0.544168259138
-1	+1	0.618876770252
-1	-1	0.600989188059
+1	+1	0.536414776324
+1	+1	0.724194889473
+1	-1	0.506512572482
-1	-1	0.553799858065
-1	-1	0.516830136072
+1	+1	0.518942741476
-1	+1	0.681760325993
-1	+1	0.659062606933
-1	-1	0.909483348267
+1	+1	0.948500080482
+1	-1	0.735828470336
+1	+1	0.8318337596
+1	-1	0.984827403986
-1	-1	0.915689289091
-1	+1	0.550739352253
-1	-1	0.877430582646
-1	-1	0.751354421388
+1	-1	0.83175121825
+1	-1	0.544875889993
-1	+1	0.622695230716
-1	+1	0.583575263961
+1	+1	0.603704961835
+1	+1	0.730713889764
+1	+1	0.870977453264
-1	-1	0.830160762703
-1	-1	0.576181236032
-1	-1	0.593793903605
-1	-1	0.711167458228
+1	+1	0.940409554873
+1	-1	0.708676041936
-1	+1	0.790601698161
-1	+1	0.537657739825
+1	+1	0.701964956864
-1	+1	0.62760864636
-1	-1	0.686616890173
-1	-1	0.647040201833
+1	+1	0.755619487907
-1	-1	0.506546846843
+1	-1	0.570586661549
+1	+1	0.661062204593
+1	+1	0.66108947411
-1	-1	0.917535094273
-1	-1	0.520951171983
+1	+1	0.976815416765
-1	-1	0.780915224713
+1	-1	0.837299252972
-1	-1	0.576968075476
-1	+1	0.51000944974
+1	-1	0.67096640841
+1	+1	0.881217813388
-1	+1	0.770458027179
-1	-1	0.922432067094
+1	-1	0.764679485216
+1	+1	0.588104943932
+1	+1	0.684320224784
+1	+1	0.681535053986
-1	+1	0.688293885086
+1	-1	0.792049640884
+1	+1	0.785695264424
-1	+1	0.557941489915
+1	-1	0.715362998872
-1	-1	0.535705647101
-1	+1	0.672016540731
-1	+1	0.518103068012
-1	-1	0.592777782933
-1	-1	0.547135504849
+1	-1	0.94975825811
-1	-1	0.994649084026
-1	-1	0.922965112776
-1	+1	0.501007052339
-1	-1	0.73186012326
+1	-1	0.692884159025
-1	-1	0.983309107747
+1	+1	0.920854718086
-1	+1	0.656649348045
-1	+1	0.671245392712
-1	+1	0.534264670901
+1	+1	0.900212324799
+1	+1	0.844760708329
-1	-1	0.833672773488
+1	-1	0.61716074952
-1	-1	0.715280358124
+1	+1	0.511260794419
+1	+1	0.659464599001
+1	+1	0.76737866352
+1	-1	0.550156238231
+1	-1	0.541006869424
+1	+1	0.683366436452
-1	-1	0.623451742619
-1	-1	0.815847311612
+1	+1	0.895015523582
-1	-1	0.959895159091
+1	-1	0.67839909975
+1	-1	0.778920424136
-1	-1	0.535912554942
-1	-1	0.687774463224
+1	-1	0.838417597345
-1	-1	0.776238043524
-1	-1	0.624189741869
+1	-1	0.608468708867
+1	+1	0.92467120359
-1	-1	0.704222131551
+1	+1	0.673859655772
-1	-1	0.561186746853
-1	-1	0.92077454305
-1	-1	0.619973212604
-1	-1	0.876764749713
-1	-1	0.71532032641
+1	-1	0.519276690134
+1	+1	0.555891803037
-1	+1	0.974517699972
-1	+1	0.552130441183
+1	+1	0.759853485775
+1	+1	0.843483488309
-1	-1	0.613893050647
+1	-1	0.785351527543
+1	+1	0.6418328498
-1	-1	0.736953948617
-1	+1	0.612809598056
-1	-1	0.923474541604
+1	+1	0.810571520283
+1	-1	0.525141061873
-1	+1	0.574839682356
+1	+1	0.656567252532
-1	-1	0.662185550296
+1	+1	0.683987207451
-1	+1	0.633146682684
+1	+1	0.931398710519
-1	+1	0.520179048634
-1	+1	0.627661632358
-1	+1	0.620050994804
-1	-1	0.746930347847
+1	-1	0.768225049367
+1	-1	0.717743550661
-1	-1	0.825565026435
-1	-1	0.685223360746
+1	+1	0.715918316439
-1	-1	0.616678892478
-1	-1	0.684283966704
+1	+1	0.76964520419
+1	+1	0.587807696175
+1	+1	0.748212994853
-1	-1	0.739451321601
-1	-1	0.830371231662
-1	+1	0.638988198103
+1	-1	0.9312068128
-1	-1	0.926033273225
-1	+1	0.908489095418
-1	-1	0.511881764588
+1	+1	0.648850519722
-1	+1	0.685099824957
+1	+1	0.982127421985
+1	-1	0.905998398427
+1	+1	0.679091634268
-1	-1	0.679353224266
-1	-1	0.655197156396
-1	-1	0.728560850295
-1	+1	0.845757017658
-1	-1	0.783547624892
+1	+1	0.511928387505
-1	-1	0.99564793394
-1	+1	0.73588760535
+1	+1	0.992480570304
+1	+1	0.542635070954
-1	-1	0.9172314432
+1	-1	0.756915719134
-1	+1	0.526628125943
+1	-1	0.707499628573
-1	-1	0.809622435376
+1	+1	0.767369602624
+1	-1	0.53878780848
+1	+1	0.594628268959
+1	+1	0.725979960407
-1	-1	0.725645209185
+1	+1	0.834510173013
-1	+1	0.778308903884
+1	+1	0.71127667511
+1	+1	0.670390213916
+1	+1	0.956484923762
-1	+1	0.629694982693
-1	+1	0.722071256998
+1	+1	0.566677524797
+1	-1	0.509995060523
