-1	+1	0.676183101096
-1	-1	0.737561571776
-1	-1	0.509683334676
-1	-1	0.9375658549
+1	+1	0.584319942331
-1	-1	0.547517895103
+1	+1	0.875130606809
+1	-1	0.608619519253
-1	+1	0.770782941297
-1	-1	0.992087889207
-1	-1	0.725197264097
-1	+1	0.578601385921
+1	+1	0.82209063116
-1	+1	0.517685710099
+1	+1	0.852096825215
+1	+1	0.580724997706
-1	-1	0.607444123748
-1	-1	0.942894031079
+1	+1	0.799471856453
+1	-1	0.740218677836
-1	-1	0.642702286266
-1	-1	0.586378420295
-1	+1	0.528737238907
-1	-1	0.782505930233
-1	-1	0.648821380125
-1	-1	0.868650339062
-1	-1	0.874746400829
+1	+1	0.638880143604
-1	-1	0.745774630935
-1	-1	0.842337511688
-1	-1	0.583208092684
+1	-1	0.541496853088
-1	-1	0.666919821292
+1	+1	0.863338521587
-1	-1	0.838414145444
-1	+1	0.625005960769
-1	-1	0.925330480801
+1	+1	0.689989880882
-1	-1	0.694294422163
-1	-1	0.842809837385
-1	-1	0.534057955035
-1	-1	0.535714340259
-1	-1	0.851260119902
+1	+1	0.800936483956
+1	+1	0.652334308121
-1	-1	0.747483770512
-1	-1	0.736861462486
+1	-1	0.520667268127
-1	-1	0.929425945663
+1	+1	0.927469942395
+1	-1	0.805555608096
+1	+1	0.955254134504
+1	-1	0.635412018196
-1	-1	0.877511795474
+1	+1	0.874497978019
+1	-1	0.663982992647
-1	-1	0.979801175326
+1	-1	0.547825492836
+1	-1	0.581092123003
-1	-1	0.858160998262
-1	-1	0.529909997256
+1	+1	0.868028013447
+1	+1	0.754450439881
+1	-1	0.660831463436
-1	-1	0.872625653469
-1	-1	0.797524467192
-1	-1	0.811369977641
-1	+1	0.745520734416
-1	+1	0.705747909984
-1	+1	0.734011401638
+1	-1	0.603994888584
-1	-1	0.662725299109
+1	+1	0.676132435596
-1	-1	0.727465627971
-1	-1	0.803298572201
+1	+1	0.920493203401
-1	+1	0.699140859725
-1	+1	0.750206332379
+1	-1	0.774089785526
+1	-1	0.953528301601
-1	-1	0.711927031
+1	-1	0.847262664136
-1	+1	0.51109323098
-1	-1	0.995368511202
+1	+1	0.909416921489
-1	+1	0.587825931676
-1	-1	0.88201807664
-1	+1	0.724656288691
-1	-1	0.948859655773
+1	+1	0.719359571364
-1	-1	0.923700032912
+1	+1	0.863113527931
+1	-1	0.734346692796
-1	-1	0.705197534558
-1	+1	0.605571337427
+1	+1	0.678891596349
+1	+1	0.553422217694
+1	-1	0.599285502629
+1	+1	0.624617003459
-1	-1	0.566375016573
-1	-1	0.892778778592
-1	-1	0.735627668159
+1	+1	0.746712936438
+1	+1	0.540973301707
-1	+1	0.609732905503
-1	-1	0.89664919958
+1	+1	0.697680522593
+1	+1	0.975206984696
+1	-1	0.70414748198
+1	-1	0.677965858227
-1	-1	0.665444278903
+1	-1	0.539837927839
+1	+1	0.662396843524
-1	-1	0.578515484826
+1	+1	0.825160791694
+1	+1	0.922447949221
+1	+1	0.779197335554
-1	+1	0.503302073806
-1	-1	0.639790176252
+1	+1	0.632696206723
+1	+1	0.850146756588
+1	+1	0.748456262216
+1	+1	0.715530959243
-1	-1	0.883220468557
+1	+1	0.658460823271
-1	-1	0.751487030932
-1	-1	0.685815295414
-1	+1	0.534141723344
-1	-1	0.926720550244
+1	-1	0.546877168236
+1	-1	0.607682725183
+1	+1	0.780015685843
+1	+1	0.677958980538
-1	-1	0.747930074813
+1	-1	0.528713114092
+1	-1	0.824602819037
+1	-1	0.647550994634
+1	+1	0.5500815869
-1	-1	0.891038633013
-1	-1	0.756993272672
+1	+1	0.806972794908
-1	-1	0.939637656799
+1	-1	0.541820945247
+1	+1	0.612294925093
+1	+1	0.511225463454
+1	-1	0.637496362383
+1	-1	0.896321337466
-1	-1	0.894016595102
+1	-1	0.53748443966
+1	-1	0.625488053593
+1	-1	0.672321408295
-1	+1	0.820428792428
-1	+1	0.788188870312
-1	-1	0.850703664201
+1	-1	0.918358759779
+1	-1	0.516370599638
-1	-1	0.798344473448
+1	-1	0.511283620148
-1	+1	0.948297139878
+1	+1	0.554935940752
-1	-1	0.840696281129
-1	-1	0.576225896993
-1	-1	0.598752208177
-1	-1	0.907980627072
+1	-1	0.526257234282
+1	+1	0.5511854569
-1	+1	0.615856696269
+1	+1	0.748562276673
-1	-1	0.590460400314
+1	-1	0.761623153228
+1	-1	0.561614379772
-1	-1	0.609644441524
-1	-1	0.554421284693
+1	-1	0.512627371403
-1	+1	0.517022665717
-1	+1	0.765282343274
-1	-1	0.876550715137
-1	+1	0.560340996484
-1	+1	0.675408200832
-1	+1	0.564362899086
-1	+1	0.670133560289
-1	+1	0.62681874314
+1	-1	0.703635552442
+1	-1	0.544422497746
-1	-1	0.629829188209
-1	-1	0.842005877507
-1	-1	0.702499718789
+1	+1	0.538229842254
+1	-1	0.629571856733
+1	+1	0.968673649574
-1	-1	0.765322845395
-1	+1	0.579837465986
-1	-1	0.91241485762
-1	+1	0.813745351065
+1	+1	0.834891575395
+1	-1	0.503870427741
-1	-1	0.564563624673
-1	+1	0.506730625392
-1	-1	0.600032121662
-1	-1	0.808534500754
-1	+1	0.676482332271
-1	-1	0.903695527489
-1	-1	0.768751791936
-1	-1	0.881946045625
-1	+1	0.596860255234
+1	+1	0.527650554021
-1	-1	0.730267224407
-1	+1	0.549410451716
+1	+1	0.804449446316
+1	+1	0.930195428932
+1	+1	0.797423848776
+1	+1	0.819162675543
-1	+1	0.74274231935
+1	+1	0.85469108128
+1	-1	0.535232224964
-1	-1	0.728006134677
+1	+1	0.681348479721
+1	+1	0.541229738888
+1	-1	0.632842080264
+1	+1	0.512901091815
+1	+1	0.810495931306
-1	-1	0.836950257111
+1	-1	0.561185836388
+1	+1	0.661344679954
+1	+1	0.731356620156
-1	-1	0.622847458291
-1	-1	0.560740631832
+1	+1	0.646350064376
+1	-1	0.65936024306
+1	-1	0.862963460424
-1	-1	0.650533294454
-1	-1	0.947158949717
-1	-1	0.69865390536
-1	-1	0.701001712119
+1	+1	0.979804446317
-1	+1	0.841218357276
+1	-1	0.740831023768
-1	+1	0.895570469704
-1	-1	0.922345952541
+1	+1	0.6097555792
-1	-1	0.505317745273
-1	-1	0.512915135497
-1	-1	0.892465532864
+1	+1	0.837509989602
+1	+1	0.679532911325
-1	-1	0.829159223014
+1	+1	0.929774237111
+1	+1	0.612755521676
+1	-1	0.865473679274
-1	-1	0.690903851137
-1	-1	0.909508891825
-1	+1	0.828523000255
-1	-1	0.807666985042
+1	-1	0.611572881732
-1	-1	0.524764523397
+1	-1	0.986483533623
-1	-1	0.818341040583
+1	-1	0.909480857484
+1	+1	0.976513185962
-1	-1	0.850899633026
+1	-1	0.515828414169
+1	+1	0.825871034156
+1	+1	0.669451094021
+1	-1	0.500034050207
+1	-1	0.799471992983
+1	-1	0.753869049657
-1	-1	0.904510136147
+1	-1	0.625656788886
-1	-1	0.861425524492
-1	-1	0.724457611196
+1	-1	0.519424498162
-1	-1	0.913556773935
-1	+1	0.676709954305
-1	-1	0.66531156822
-1	-1	0.6529468272
+1	+1	0.771514390387
+1	+1	0.607144404942
+1	-1	0.542442122562
-1	-1	0.731760766081
-1	-1	0.946106329674
+1	+1	0.503440075087
+1	-1	0.891431569706
-1	-1	0.852713231249
+1	+1	0.82099040564
-1	+1	0.529039032499
+1	+1	0.532001191293
-1	-1	0.595675998883
-1	-1	0.720853775722
+1	-1	0.710934033583
+1	+1	0.645459824061
+1	-1	0.719813629977
-1	-1	0.524428303495
-1	-1	0.579998705754
-1	-1	0.898907635229
-1	-1	0.858347464464
+1	-1	0.926266542932
-1	-1	0.84881243884
-1	+1	0.807903555382
-1	+1	0.55411167955
-1	-1	0.554928805276
-1	-1	0.707670420935
-1	-1	0.723791174006
-1	-1	0.568313555452
+1	+1	0.577960962917
-1	-1	0.66862464614
-1	+1	0.535315003839
+1	+1	0.760326906353
-1	-1	0.80126867546
+1	-1	0.542164509358
-1	+1	0.71975841322
+1	+1	0.878272915817
+1	-1	0.743405649909
-1	-1	0.557285371375
-1	-1	0.643990789924
+1	-1	0.502208836914
-1	-1	0.73808464409
-1	-1	0.840878030844
+1	+1	0.609982712068
-1	-1	0.799750824531
-1	-1	0.650072451751
+1	-1	0.670566970255
+1	-1	0.514528249757
+1	+1	0.620692485577
-1	-1	0.780037320736
+1	+1	0.766160130801
+1	+1	0.514118490438
-1	-1	0.541820945247
-1	-1	0.607633651072
-1	-1	0.775100717304
+1	+1	0.702448636443
+1	-1	0.867124013463
+1	+1	0.593187173873
+1	-1	0.600950858771
-1	-1	0.579752637884
+1	+1	0.805200805119
-1	-1	0.611604605892
-1	+1	0.811710198485
-1	-1	0.769457816151
+1	+1	0.653556056205
+1	-1	0.508832669646
+1	-1	0.657935320127
-1	-1	0.84816548281
+1	-1	0.943908996742
-1	+1	0.566811294677
+1	-1	0.676405523235
+1	-1	0.81051278395
-1	-1	0.720125273661
-1	-1	0.776927965282
+1	+1	0.582578599144
-1	+1	0.607805678077
+1	+1	0.765565064423
+1	-1	0.939106077844
+1	-1	0.512446976903
+1	+1	0.80473101564
+1	-1	0.890318717896
-1	+1	0.601527087531
-1	+1	0.610749691864
-1	+1	0.622886461781
+1	+1	0.653497723053
-1	-1	0.563617893875
+1	+1	0.504081624278
+1	+1	0.650051761051
+1	+1	0.772465584955
+1	+1	0.827156735214
+1	+1	0.612492929539
-1	-1	0.811129148321
-1	-1	0.958916640029
+1	-1	0.721677982977
+1	+1	0.671821037997
+1	-1	0.687372168576
+1	+1	0.923645095189
+1	-1	0.847827847141
-1	-1	0.881364287127
-1	+1	0.512063526276
+1	+1	0.995890231894
+1	+1	0.617600972144
-1	+1	0.728828870892
+1	+1	0.913204326176
-1	-1	0.96159461029
-1	-1	0.82536864423
+1	+1	0.603474715895
+1	+1	0.960854815052
-1	-1	0.794221930848
-1	+1	0.728022276319
-1	+1	0.63799614065
-1	-1	0.606976028326
-1	+1	0.806847412128
+1	+1	0.543279940503
+1	+1	0.955470390622
-1	-1	0.812436205197
+1	-1	0.62977971967
+1	+1	0.726215453879
+1	-1	0.593133922791
-1	-1	0.558589656894
+1	-1	0.642904402116
-1	-1	0.539802762344
+1	+1	0.742481097443
+1	+1	0.560885331353
+1	+1	0.51570823004
-1	-1	0.735022128585
+1	+1	0.504772043111
-1	-1	0.723780099241
+1	+1	0.536855231748
+1	-1	0.696973518027
-1	+1	0.699542113073
+1	+1	0.824235338213
+1	-1	0.518291439025
-1	-1	0.877518663249
-1	-1	0.755566839265
+1	+1	0.681383805655
-1	-1	0.689810222433
-1	+1	0.612485816833
-1	-1	0.732969275928
+1	+1	0.664624361265
-1	-1	0.847676695946
+1	-1	0.595755302993
-1	+1	0.642780583291
+1	-1	0.632964742704
-1	-1	0.818203440294
-1	-1	0.758409650928
-1	+1	0.926457634084
+1	+1	0.849249202274
+1	-1	0.752412607941
-1	+1	0.502160725003
-1	-1	0.585398614613
+1	+1	0.700949337372
+1	+1	0.731849154446
-1	-1	0.748913641822
+1	+1	0.978379015564
+1	-1	0.656723495023
-1	-1	0.719206280409
+1	+1	0.838290290152
-1	+1	0.807401794392
+1	-1	0.574812030542
+1	-1	0.655573278131
-1	-1	0.849383486169
-1	-1	0.646081465654
+1	-1	0.545439164453
+1	+1	0.746130638348
+1	-1	0.593685603449
+1	+1	0.586541028015
+1	+1	0.856990663756
-1	+1	0.827680340091
+1	+1	0.708836723717
-1	-1	0.636457887391
-1	-1	0.845432957204
-1	-1	0.706321899113
-1	+1	0.639837774255
+1	+1	0.515955484597
-1	+1	0.569610977691
+1	+1	0.612135585053
+1	-1	0.625055847591
-1	-1	0.925249025418
-1	-1	0.676700129838
-1	-1	0.835592965215
-1	-1	0.8039853734
-1	-1	0.97543281982
+1	+1	0.666465251151
+1	-1	0.912151713087
-1	-1	0.942871653191
-1	-1	0.728623281173
+1	+1	0.716650010389
-1	-1	0.949432150163
-1	-1	0.955131871118
+1	-1	0.818595371681
-1	-1	0.559022223006
-1	-1	0.643758454197
+1	-1	0.513360574212
-1	-1	0.757822624289
-1	-1	0.808462167422
+1	-1	0.952788504282
-1	-1	0.66216473587
-1	-1	0.708811871744
+1	-1	0.733223437159
+1	-1	0.529644538048
-1	-1	0.562839498804
+1	-1	0.615787402658
+1	-1	0.786977909441
+1	+1	0.809271174626
-1	-1	0.636917935046
-1	+1	0.573344272587
+1	+1	0.536557954298
-1	-1	0.523213839495
+1	-1	0.730118911345
-1	-1	0.759269974714
-1	-1	0.60303626882
-1	-1	0.823467284905
-1	-1	0.817390661182
+1	+1	0.713971467486
-1	+1	0.588214172655
-1	-1	0.755595315599
+1	+1	0.724842481878
-1	-1	0.512989723421
-1	-1	0.605907615589
-1	-1	0.677935443698
-1	+1	0.564991464221
-1	-1	0.57328792998
+1	+1	0.557545907902
-1	-1	0.919391123401
+1	+1	0.637321176932
+1	+1	0.637531612975
+1	+1	0.635503647769
+1	+1	0.838790861948
-1	+1	0.717405692989
+1	+1	0.705478179857
+1	+1	0.661349252083
-1	+1	0.622916007824
+1	+1	0.724395130547
-1	-1	0.752129510568
+1	+1	0.513078971638
-1	+1	0.843155341255
+1	-1	0.559239230192
-1	-1	0.809248125105
+1	-1	0.606185744012
-1	-1	0.919518867332
+1	+1	0.573885254022
+1	-1	0.677101166782
+1	+1	0.503335892306
+1	-1	0.787357720253
-1	-1	0.833155375963
-1	-1	0.709369878162
-1	+1	0.836878833
+1	-1	0.564817928192
-1	+1	0.666540857652
+1	-1	0.595187861829
-1	-1	0.696718682882
-1	+1	0.71266042176
+1	-1	0.816490477948
-1	-1	0.908734427577
+1	-1	0.66194952065
+1	-1	0.613019111076
+1	+1	0.585330020662
-1	-1	0.902575522045
-1	-1	0.654890696507
-1	-1	0.727948200402
-1	+1	0.77487231605
+1	+1	0.51656955462
+1	+1	0.550606744797
-1	-1	0.682856004739
-1	+1	0.756533159982
-1	-1	0.901727636473
+1	+1	0.656781805437
-1	+1	0.623861490284
-1	-1	0.6322806587
+1	+1	0.589623365115
+1	+1	0.912986556845
-1	-1	0.569318409013
+1	-1	0.91955163218
+1	-1	0.613157422918
+1	+1	0.713352764734
-1	+1	0.581783942872
-1	+1	0.789934316048
-1	-1	0.758466479914
+1	+1	0.629378014854
-1	+1	0.639880429541
-1	-1	0.857038655055
+1	-1	0.850714658577
-1	+1	0.796113354593
-1	-1	0.710564161586
-1	+1	0.672714010132
+1	-1	0.547076471798
+1	+1	0.564032446162
+1	+1	0.608545296174
-1	-1	0.77627634329
-1	-1	0.990629510467
-1	-1	0.819945741822
-1	+1	0.715855192844
-1	-1	0.723070039489
-1	-1	0.71508928973
+1	-1	0.511663474627
+1	+1	0.572214956191
-1	-1	0.959094240683
-1	-1	0.881390376341
+1	-1	0.796857881043
-1	-1	0.798399039239
+1	+1	0.609659263968
+1	+1	0.7574164574
+1	+1	0.770644760893
+1	-1	0.72522294399
-1	-1	0.638018775534
-1	-1	0.888885233429
-1	-1	0.656016135413
-1	+1	0.513017418314
+1	+1	0.924061803649
-1	-1	0.881639868969
-1	+1	0.774840172377
-1	-1	0.622689072356
+1	+1	0.740413606241
+1	+1	0.591363768232
+1	+1	0.678465304076
+1	-1	0.512970131017
-1	+1	0.521521297163
-1	+1	0.52722273802
+1	-1	0.502413819657
+1	+1	0.523358247699
-1	-1	0.877876330204
+1	-1	0.617346745364
-1	-1	0.795821683702
+1	+1	0.625648204687
-1	-1	0.72440709821
+1	-1	0.80848659534
+1	+1	0.734037803556
+1	+1	0.738082683361
-1	-1	0.781933480633
-1	-1	0.72749835535
-1	-1	0.884567676166
-1	-1	0.603541346644
-1	-1	0.947130155835
+1	-1	0.57392658288
+1	+1	0.543557078776
-1	-1	0.665605139819
+1	+1	0.755975804101
-1	-1	0.893116208387
+1	+1	0.772173626853
-1	+1	0.575644066663
+1	+1	0.969045090054
-1	+1	0.689949050341
+1	-1	0.760331795892
-1	-1	0.860789211075
-1	-1	0.92493918616
+1	+1	0.607617911291
+1	-1	0.512317628624
+1	+1	0.737487633576
+1	-1	0.54632712189
-1	-1	0.802860656843
-1	+1	0.775445806702
+1	-1	0.56552612282
-1	-1	0.934117890921
+1	+1	0.527421018432
+1	-1	0.617170262513
+1	+1	0.591007188315
+1	+1	0.670865605587
-1	-1	0.859147637334
-1	-1	0.853541680441
-1	-1	0.764187416555
-1	+1	0.746758369689
-1	-1	0.766114444927
+1	-1	0.770669824486
+1	-1	0.589317082144
+1	-1	0.872901775518
+1	-1	0.621975541948
+1	-1	0.845729797181
-1	-1	0.833556071568
-1	+1	0.614870219854
+1	-1	0.508116072233
+1	-1	0.881208066102
+1	+1	0.691162310036
+1	+1	0.58156756764
-1	+1	0.910351276607
-1	-1	0.652211895956
+1	-1	0.526029103574
+1	+1	0.563947962611
-1	+1	0.520034404458
-1	-1	0.619610297724
-1	-1	0.581790751687
+1	-1	0.625658684614
-1	-1	0.802748719659
-1	-1	0.699231258534
+1	-1	0.629348161262
-1	-1	0.84039752316
+1	+1	0.734963596549
+1	-1	0.517439509209
-1	-1	0.944006533451
-1	-1	0.806015070699
+1	+1	0.532275541006
+1	-1	0.627090535165
-1	+1	0.754155568822
-1	-1	0.616460946677
-1	-1	0.897091213265
-1	-1	0.912757005763
-1	-1	0.878399222673
-1	-1	0.87579357068
-1	-1	0.589317490058
+1	+1	0.848950756566
-1	+1	0.571722066943
+1	+1	0.60754205636
+1	+1	0.565506357602
+1	+1	0.512128438718
-1	+1	0.90348601698
+1	+1	0.548882357797
+1	-1	0.629580926795
+1	-1	0.576255268532
+1	-1	0.648550480984
+1	+1	0.679835766192
-1	+1	0.786425900533
+1	+1	0.69623903671
-1	-1	0.530807756004
+1	+1	0.683402998658
+1	+1	0.543200395725
+1	+1	0.709012080853
-1	-1	0.61993520443
+1	+1	0.724828557424
+1	-1	0.596966445794
+1	+1	0.59302533056
+1	-1	0.521636498663
+1	+1	0.583033388788
+1	+1	0.996355573924
+1	+1	0.902610979567
-1	+1	0.901946990868
-1	-1	0.618333471813
+1	+1	0.703219796222
-1	-1	0.8019664095
+1	-1	0.81912207099
-1	-1	0.577384450592
-1	+1	0.507311951142
+1	+1	0.635030576873
+1	-1	0.564425753566
-1	-1	0.792486948825
-1	-1	0.63292126286
-1	-1	0.730764740619
-1	-1	0.600117156817
+1	-1	0.774161429335
+1	+1	0.83051056543
+1	-1	0.923458358693
+1	+1	0.829725002283
-1	-1	0.751041723484
-1	-1	0.541820945247
-1	-1	0.657932681668
-1	+1	0.730381671632
+1	-1	0.620997683628
-1	+1	0.575526001839
+1	-1	0.564623496957
+1	+1	0.691172760725
-1	-1	0.95345634083
+1	-1	0.654748047755
+1	+1	0.58703975153
+1	+1	0.822902019431
+1	-1	0.647464294581
+1	-1	0.720851125971
-1	-1	0.637481103157
-1	-1	0.912747186829
+1	-1	0.81098514303
+1	-1	0.91144291024
-1	-1	0.784521228153
+1	+1	0.849965508967
+1	-1	0.859916997918
+1	+1	0.814575459931
-1	+1	0.798125756414
-1	-1	0.660265206566
+1	+1	0.521292443692
+1	+1	0.918597744043
+1	-1	0.602673188043
+1	-1	0.80679367499
-1	-1	0.80394493375
+1	-1	0.991786362185
-1	-1	0.832019781012
+1	-1	0.843013003071
+1	+1	0.615851792475
-1	-1	0.85056317069
-1	-1	0.593990045924
-1	-1	0.873772583259
-1	-1	0.977148697868
+1	+1	0.857582222286
-1	-1	0.891119876432
+1	+1	0.593350211039
+1	+1	0.59041434736
+1	-1	0.595730996628
-1	+1	0.69055651033
+1	-1	0.815996699798
+1	+1	0.892658559907
-1	-1	0.573914562067
+1	+1	0.544147925022
-1	-1	0.653160216499
-1	+1	0.792910103319
-1	+1	0.621542555265
+1	+1	0.503764264552
-1	-1	0.945251378969
+1	+1	0.510629679162
-1	-1	0.990762909499
+1	+1	0.613199231356
-1	-1	0.902823326465
+1	-1	0.561507430898
+1	+1	0.898936514527
+1	-1	0.658960251282
-1	+1	0.814156388416
-1	-1	0.654210562244
-1	-1	0.711445532763
-1	-1	0.922419323288
-1	+1	0.771768072223
-1	-1	0.667060021962
+1	+1	0.838115813464
-1	+1	0.602273872857
+1	+1	0.902325423598
+1	+1	0.774881022446
+1	+1	0.524759788043
-1	+1	0.740572486544
+1	+1	0.972043930589
-1	-1	0.514287564551
+1	+1	0.720842886025
-1	-1	0.824842642011
-1	-1	0.758574317555
+1	+1	0.520689748776
+1	+1	0.755041994897
+1	-1	0.668098066471
+1	+1	0.625514587499
-1	-1	0.905527440319
-1	-1	0.57717038759
-1	-1	0.731139812611
-1	+1	0.59615675422
-1	-1	0.618576581386
-1	-1	0.834164642381
-1	-1	0.585632301274
+1	+1	0.6255714796
+1	+1	0.822131732507
-1	-1	0.777124466085
-1	-1	0.668933869077
-1	-1	0.898462312424
-1	-1	0.679187454389
+1	-1	0.531344525559
-1	+1	0.569565225539
+1	+1	0.541261590272
+1	-1	0.85215804529
-1	-1	0.698820363733
-1	-1	0.870497053437
+1	-1	0.888869421045
-1	-1	0.662014117079
-1	+1	0.624560489641
+1	+1	0.523681359267
-1	+1	0.69577291626
+1	-1	0.584772753138
-1	+1	0.678398776837
-1	-1	0.958145424274
-1	-1	0.718067341341
-1	-1	0.562839498804
-1	-1	0.734788354503
+1	+1	0.869752021669
+1	-1	0.651541592882
-1	-1	0.723440631558
+1	-1	0.751425865699
-1	-1	0.750699760751
+1	-1	0.680131433929
-1	-1	0.550952782241
+1	+1	0.640250768601
+1	+1	0.791907236451
-1	-1	0.784089006339
-1	-1	0.904206775394
+1	-1	0.74600886567
-1	-1	0.512818826503
+1	+1	0.800742599578
-1	-1	0.502089696868
+1	-1	0.514621098163
-1	-1	0.544539394952
+1	-1	0.604413468847
-1	-1	0.967684761145
+1	+1	0.595237318934
+1	+1	0.92397369952
+1	-1	0.970469107277
+1	-1	0.728798034974
+1	-1	0.723180223648
+1	+1	0.869461056523
+1	+1	0.941304209034
-1	-1	0.75188165699
+1	+1	0.738388109555
-1	+1	0.670649543025
+1	+1	0.817956423553
+1	+1	0.69082520062
+1	-1	0.816556601514
+1	+1	0.51711374226
+1	+1	0.567866434614
+1	-1	0.940776952576
-1	-1	0.675740827385
+1	+1	0.853422188637
-1	+1	0.626820856675
-1	+1	0.905957850835
+1	-1	0.627380810956
+1	-1	0.603813355162
+1	-1	0.529644538048
+1	+1	0.741669749296
+1	+1	0.612062902808
+1	-1	0.700664382858
+1	+1	0.701138268516
+1	+1	0.552586593881
-1	-1	0.694967185015
+1	+1	0.66284701826
-1	-1	0.984374422737
-1	+1	0.526469084128
-1	-1	0.623179120068
-1	-1	0.599933682792
+1	+1	0.933347282172
-1	-1	0.917636566194
+1	-1	0.670086824322
-1	+1	0.794157656902
+1	+1	0.731146627811
-1	-1	0.895019693612
+1	+1	0.723479991811
-1	-1	0.627335240625
+1	+1	0.657853866817
-1	-1	0.646436385208
-1	-1	0.715182586185
+1	+1	0.640428381959
-1	-1	0.837774677024
-1	+1	0.839226930343
-1	-1	0.70703083093
-1	-1	0.989776050916
+1	+1	0.763181775734
-1	-1	0.571182866895
-1	+1	0.687007269532
+1	+1	0.801485627314
+1	+1	0.659497806402
+1	-1	0.502305796649
+1	+1	0.615871389886
-1	-1	0.957637127042
+1	+1	0.6476820447
-1	+1	0.64811217473
-1	-1	0.820662113226
+1	-1	0.879343236234
+1	+1	0.593119835796
-1	-1	0.688220522318
-1	+1	0.789717178132
-1	-1	0.79233553882
+1	+1	0.546269212316
+1	-1	0.633765083408
-1	+1	0.860833456139
-1	-1	0.767661450232
+1	+1	0.531277352709
+1	-1	0.78211059456
-1	+1	0.528113923089
+1	+1	0.67614677756
+1	-1	0.744104820467
+1	-1	0.561165415667
+1	+1	0.836078969959
+1	+1	0.60742210138
+1	+1	0.635311183376
-1	-1	0.889020937122
+1	+1	0.751675305422
-1	-1	0.506146735547
+1	+1	0.791025544744
+1	-1	0.714210297821
-1	+1	0.530226317474
-1	-1	0.885259897784
+1	+1	0.64308566246
+1	+1	0.592778131987
-1	-1	0.585274387568
+1	+1	0.678995694838
-1	-1	0.751453628652
+1	-1	0.695280457639
+1	+1	0.941082185179
-1	-1	0.767211209836
-1	+1	0.830156433736
+1	-1	0.746231746259
-1	+1	0.692545525827
-1	-1	0.769875196698
-1	-1	0.841596981159
+1	+1	0.595550127342
+1	-1	0.893133570472
-1	-1	0.939708096107
-1	+1	0.520859540725
-1	-1	0.816692111522
+1	+1	0.68436476872
+1	+1	0.62324617532
+1	-1	0.61696197619
-1	+1	0.753702923033
+1	+1	0.738519664606
-1	-1	0.566708881657
-1	+1	0.780440584097
+1	+1	0.587047564463
+1	-1	0.814843296931
+1	+1	0.587231204401
+1	+1	0.786723341594
+1	-1	0.515987391029
+1	+1	0.855958674262
-1	-1	0.868482741729
+1	+1	0.552610323289
-1	-1	0.542767697419
-1	+1	0.658432638114
+1	-1	0.978979680929
-1	-1	0.721002544025
-1	-1	0.761962166672
+1	-1	0.817794902328
-1	+1	0.53152155825
-1	-1	0.828221221464
-1	-1	0.956697851371
+1	-1	0.675444168358
+1	-1	0.80377954536
+1	-1	0.666431747835
+1	+1	0.654539650314
-1	-1	0.815003317822
-1	-1	0.71883456868
+1	+1	0.587153597468
+1	+1	0.950516894116
-1	-1	0.663055470302
-1	-1	0.844005030682
-1	-1	0.509598772
+1	+1	0.813403172107
-1	-1	0.87796606854
-1	-1	0.547928527266
+1	+1	0.649666088555
+1	-1	0.779022569639
-1	-1	0.581360810894
-1	-1	0.643963484047
-1	-1	0.923437016838
+1	+1	0.505128206088
-1	-1	0.746689967375
+1	+1	0.665980886978
+1	-1	0.588988942504
+1	+1	0.881891740836
+1	+1	0.690762380984
+1	-1	0.529644538048
-1	+1	0.732236993733
+1	-1	0.600708394805
-1	+1	0.79059723505
-1	-1	0.794341229211
+1	-1	0.537872047641
+1	+1	0.926642355148
+1	+1	0.509362396008
-1	-1	0.950756580294
-1	-1	0.562839498804
+1	+1	0.674485367098
-1	+1	0.591202007537
-1	-1	0.593020683161
+1	-1	0.896395344496
+1	+1	0.503580744195
-1	-1	0.986899939486
+1	-1	0.769766021245
+1	-1	0.640349991216
-1	-1	0.817943514545
-1	-1	0.743572707122
-1	-1	0.68211263796
+1	+1	0.922839766159
+1	+1	0.614336418085
+1	+1	0.85656505671
-1	+1	0.629772510207
-1	-1	0.786578957517
+1	+1	0.563655646115
-1	-1	0.856582604573
-1	-1	0.911357940297
+1	+1	0.578503127346
+1	-1	0.884528259334
-1	-1	0.808418838187
+1	-1	0.869424797139
-1	+1	0.847445482131
+1	-1	0.890436644916
-1	-1	0.607011166019
+1	-1	0.843781500754
-1	+1	0.53456255752
+1	+1	0.684101109629
+1	+1	0.682003455397
-1	-1	0.76350775614
+1	+1	0.581274529828
-1	-1	0.879004326744
-1	-1	0.50054456173
-1	-1	0.930690648616
+1	-1	0.62508155121
+1	+1	0.819942804283
+1	-1	0.620853437234
+1	+1	0.820339827711
-1	-1	0.830884399454
+1	+1	0.90960807671
-1	-1	0.877021356699
+1	+1	0.63914628416
+1	-1	0.567616569626
+1	+1	0.737226149622
-1	-1	0.787766191891
+1	-1	0.702646632233
+1	+1	0.580112011798
-1	+1	0.505580092257
+1	-1	0.649058924762
+1	+1	0.675962027539
+1	+1	0.608026322503
+1	+1	0.693801020733
-1	-1	0.9112769846
+1	+1	0.958630703085
-1	+1	0.779212617211
+1	+1	0.91753372529
+1	-1	0.621622239088
-1	-1	0.642141518891
-1	+1	0.571678711139
+1	+1	0.949445547621
+1	+1	0.886915746958
-1	-1	0.884693218611
-1	-1	0.63516772213
+1	+1	0.808494740897
+1	+1	0.561134086073
+1	+1	0.57746045827
+1	-1	0.739461915829
+1	-1	0.690296277568
-1	-1	0.947264610965
+1	+1	0.813373417291
-1	-1	0.563431827944
-1	-1	0.827877138893
-1	-1	0.646063332441
+1	-1	0.565769835785
-1	+1	0.575389083992
-1	-1	0.814521833417
+1	+1	0.565807591063
+1	+1	0.550762855971
-1	-1	0.828621219891
-1	-1	0.524016849563
-1	-1	0.964167322951
+1	-1	0.550767847532
+1	+1	0.906002493074
-1	+1	0.70929606846
+1	+1	0.771783009579
+1	+1	0.684640501397
-1	-1	0.749610024774
-1	-1	0.658613719599
-1	-1	0.528237570016
+1	+1	0.590903214803
-1	+1	0.614886525551
+1	+1	0.581223093458
+1	+1	0.800898072876
-1	+1	0.61483524853
+1	+1	0.653941132484
-1	+1	0.543979239722
+1	+1	0.689524111461
+1	+1	0.680521734099
+1	-1	0.691975183347
-1	+1	0.600370099041
+1	-1	0.951262985499
+1	-1	0.810646037138
-1	+1	0.508357453094
-1	-1	0.798097611532
-1	-1	0.858689129021
+1	-1	0.636061378042
-1	+1	0.956339280251
+1	+1	0.853599433227
-1	+1	0.880356867672
+1	-1	0.736565171271
+1	+1	0.822779123068
-1	-1	0.950786334641
-1	-1	0.577071592901
-1	-1	0.679580856235
+1	-1	0.500836290296
-1	+1	0.64920139537
+1	-1	0.537312430102
-1	-1	0.802660579222
-1	-1	0.839619236305
+1	+1	0.599730989398
+1	+1	0.891547197857
-1	-1	0.804212626615
+1	-1	0.906971729552
+1	+1	0.700898977236
+1	-1	0.690736387121
-1	-1	0.775456477341
+1	+1	0.920100163157
+1	+1	0.933435059394
+1	+1	0.905137080303
-1	-1	0.562839498804
-1	-1	0.800557649971
+1	-1	0.693363038384
-1	-1	0.636631180499
-1	+1	0.553105842015
-1	-1	0.61594040175
-1	+1	0.636290264831
+1	+1	0.579193987275
-1	-1	0.856009353935
-1	+1	0.707688136339
+1	+1	0.973265761997
+1	+1	0.504548097236
+1	+1	0.777106394989
-1	-1	0.925684408245
-1	-1	0.832720475335
-1	-1	0.526372218653
-1	-1	0.749436760785
-1	-1	0.774101376047
-1	+1	0.697396507363
-1	-1	0.803263093569
+1	+1	0.53047223084
+1	+1	0.502648818531
-1	-1	0.61247975706
+1	+1	0.796966483212
+1	-1	0.596062954682
-1	+1	0.673183393274
-1	-1	0.626962968555
+1	-1	0.60067729342
-1	-1	0.841889321233
+1	+1	0.558327526438
-1	-1	0.797314769912
-1	-1	0.828828404041
-1	-1	0.884564490565
+1	+1	0.653717552953
+1	-1	0.568455131795
+1	-1	0.690839943076
-1	-1	0.673648586346
-1	+1	0.560145411861
+1	+1	0.599982479757
-1	-1	0.730030846093
-1	-1	0.935663038452
+1	-1	0.528906844808
+1	-1	0.596189365769
-1	-1	0.647431952777
+1	+1	0.557828344999
-1	-1	0.822246587716
-1	-1	0.887795659678
-1	-1	0.610296992832
-1	-1	0.811148068665
+1	+1	0.767694434144
-1	-1	0.84961625969
-1	-1	0.578362347546
+1	+1	0.70615859214
-1	-1	0.746762123629
-1	-1	0.588303053308
+1	-1	0.642988161602
-1	-1	0.807637143186
+1	-1	0.799909592899
-1	-1	0.622706166217
+1	+1	0.822304300846
-1	-1	0.717962069513
+1	-1	0.656485151125
+1	-1	0.821179045293
+1	-1	0.910639186722
-1	+1	0.796666377717
-1	-1	0.56540795758
+1	+1	0.943765265389
-1	-1	0.501706262168
-1	-1	0.627168424346
+1	+1	0.541889787002
+1	-1	0.907967289307
-1	-1	0.582186373423
-1	-1	0.688671256561
-1	-1	0.695749209041
+1	-1	0.940343757646
-1	-1	0.90328017373
+1	-1	0.611964868681
+1	+1	0.702968543475
+1	-1	0.722953669246
-1	-1	0.686184964188
+1	+1	0.547913317185
-1	+1	0.620583659105
-1	+1	0.545630927206
-1	-1	0.746637763833
+1	-1	0.587310407571
+1	+1	0.855943587938
+1	+1	0.628624989463
-1	-1	0.564148896086
+1	+1	0.912500269873
+1	+1	0.962692885368
+1	+1	0.892496064982
-1	-1	0.590052351722
-1	-1	0.719381816351
-1	-1	0.951931715575
-1	-1	0.933669990988
+1	+1	0.654424665425
+1	+1	0.91289361872
+1	+1	0.942619731003
+1	+1	0.731037564281
-1	-1	0.922359078592
-1	+1	0.709710314567
-1	+1	0.625213737068
+1	+1	0.58481158595
+1	-1	0.561383095095
+1	-1	0.512424815927
-1	-1	0.777586593258
-1	-1	0.68737828656
-1	-1	0.848237660295
+1	+1	0.758314088481
-1	-1	0.926796040991
+1	-1	0.730319865788
+1	+1	0.555903291595
-1	-1	0.518074385795
-1	-1	0.602087139524
+1	-1	0.568365854893
+1	-1	0.886496014078
+1	+1	0.833045576589
-1	-1	0.70467520069
-1	-1	0.946223623117
+1	-1	0.511518576936
+1	-1	0.746099295195
+1	-1	0.526969972544
+1	-1	0.767509746629
+1	+1	0.789384406373
-1	-1	0.924498200042
+1	+1	0.592170789346
+1	+1	0.648292263778
-1	-1	0.776228555188
-1	-1	0.568844924146
-1	+1	0.584385867489
+1	+1	0.689851705926
-1	-1	0.813638640783
+1	-1	0.691814376942
-1	-1	0.777396182678
-1	+1	0.804419553795
-1	-1	0.813126190093
-1	-1	0.785494928448
+1	-1	0.703797421288
-1	-1	0.61457223894
+1	+1	0.842053785079
-1	-1	0.727566643525
+1	-1	0.98617189038
-1	-1	0.654323703599
-1	-1	0.571612381929
+1	+1	0.63688347503
+1	+1	0.87698424775
-1	+1	0.775645908596
+1	-1	0.621386600703
-1	+1	0.653054048448
+1	+1	0.656332547386
-1	+1	0.551925636058
+1	-1	0.622609564427
+1	-1	0.779347901587
+1	+1	0.521675484395
+1	-1	0.541734422669
-1	+1	0.674641153254
+1	-1	0.624636349176
+1	+1	0.615302985785
+1	-1	0.641309869712
-1	-1	0.647746317086
+1	-1	0.528703510252
-1	-1	0.723668538707
-1	-1	0.501464094601
-1	-1	0.916123339651
+1	+1	0.928422217427
+1	+1	0.644220918176
-1	+1	0.62714469647
+1	-1	0.602603352685
-1	-1	0.597397796521
-1	-1	0.787515661849
-1	-1	0.76121025942
-1	-1	0.747013566133
-1	+1	0.727896368473
+1	+1	0.735500518425
+1	-1	0.565050051797
-1	+1	0.608954669034
-1	+1	0.728935362694
+1	+1	0.541974813996
+1	+1	0.794243775289
+1	-1	0.832227406657
-1	-1	0.838747585671
+1	-1	0.583722692207
+1	+1	0.942143616057
-1	-1	0.625609367682
-1	+1	0.73040662392
-1	+1	0.748105450544
+1	+1	0.707439193314
+1	+1	0.898880870932
-1	-1	0.882880131229
-1	-1	0.914240435653
-1	+1	0.856398718062
-1	-1	0.636070685704
-1	-1	0.679609024095
+1	-1	0.743289844754
-1	-1	0.668625230178
-1	-1	0.615781240552
-1	-1	0.979517224926
-1	-1	0.673397655154
-1	-1	0.894253533704
-1	-1	0.945944146281
-1	-1	0.685858227015
+1	+1	0.849974509424
-1	-1	0.899483818976
-1	+1	0.730214675789
+1	+1	0.557412480106
+1	+1	0.809467276991
-1	-1	0.606888868678
+1	+1	0.547869333614
+1	-1	0.805903643261
-1	-1	0.865716557286
+1	+1	0.988310308327
-1	-1	0.537610552588
+1	+1	0.739882960936
-1	-1	0.66555991127
+1	-1	0.701295011367
-1	-1	0.743363378957
+1	-1	0.958862567087
-1	-1	0.729364267333
+1	-1	0.643895167732
-1	-1	0.671328598622
+1	+1	0.515823688052
+1	+1	0.743632697448
-1	-1	0.53903281951
-1	-1	0.864196619245
+1	+1	0.718787960126
-1	-1	0.538117508098
+1	+1	0.538235409523
+1	+1	0.634479256777
+1	-1	0.767505447944
-1	-1	0.567004702014
+1	+1	0.657491463189
+1	+1	0.678830084823
+1	+1	0.730491195683
+1	-1	0.971865524926
-1	-1	0.95991387282
+1	+1	0.975831214725
+1	+1	0.65427628064
+1	-1	0.530227211239
-1	-1	0.718021907579
-1	+1	0.635110448494
+1	+1	0.574744858729
+1	-1	0.521050766556
+1	+1	0.817389326137
-1	-1	0.912647045831
-1	-1	0.878845911948
+1	+1	0.944788160355
-1	-1	0.979530433957
+1	+1	0.787560252455
+1	+1	0.638641665998
-1	-1	0.616825100158
-1	-1	0.907093663625
+1	+1	0.611595121898
-1	-1	0.73360613617
+1	+1	0.549803702755
+1	+1	0.607510696909
-1	-1	0.544548185807
+1	+1	0.745147217919
-1	-1	0.540698494837
+1	+1	0.593556942666
-1	+1	0.509620593518
+1	-1	0.512581457406
-1	-1	0.723932851859
-1	-1	0.62619463717
-1	+1	0.518741300609
+1	+1	0.520405164014
+1	+1	0.816309826728
-1	-1	0.55162267278
+1	+1	0.827449796848
+1	+1	0.687486347375
-1	-1	0.906124546173
-1	-1	0.831466101758
-1	-1	0.779531140738
-1	-1	0.555510768004
-1	+1	0.684236109871
-1	-1	0.726098980394
-1	+1	0.580271265865
+1	+1	0.698738573623
+1	-1	0.636074366784
+1	-1	0.637316120395
+1	-1	0.645038565278
+1	-1	0.796852239224
-1	-1	0.637045970259
+1	-1	0.660056886331
+1	-1	0.85158983552
-1	-1	0.903237562362
+1	-1	0.843283059579
+1	-1	0.809578253122
-1	-1	0.791977885302
+1	-1	0.683371265238
-1	-1	0.532159326941
+1	-1	0.573226386379
+1	+1	0.8381985966
+1	-1	0.557814434655
-1	+1	0.504514964992
-1	-1	0.914078091
+1	+1	0.600648579262
+1	+1	0.888836667529
-1	+1	0.872880866812
+1	-1	0.950911858362
-1	-1	0.660295285746
+1	+1	0.765766988647
-1	-1	0.859271447391
-1	-1	0.657520891708
+1	+1	0.735216003864
+1	+1	0.660659928094
-1	-1	0.977384180198
-1	-1	0.964318062716
+1	-1	0.543575807977
-1	-1	0.885186263201
-1	-1	0.834349158503
-1	-1	0.746662902402
+1	+1	0.876471799674
+1	+1	0.587893294205
-1	-1	0.728529506642
+1	+1	0.810056272344
+1	+1	0.982985931501
+1	+1	0.604798804913
-1	-1	0.635279296039
-1	-1	0.941001044493
+1	-1	0.893547474896
+1	+1	0.559847599564
+1	-1	0.869214355779
-1	-1	0.517430797733
+1	-1	0.773812435846
+1	+1	0.941423445833
-1	+1	0.585807659681
+1	+1	0.844826147542
-1	-1	0.816355331063
-1	-1	0.881373382676
+1	-1	0.780176580361
-1	-1	0.924440942036
+1	+1	0.636315797815
+1	+1	0.873319970733
+1	+1	0.578925032861
-1	+1	0.552266881139
-1	-1	0.611226409767
+1	-1	0.596579148261
+1	-1	0.736420991745
-1	+1	0.584769163152
+1	+1	0.925261251156
+1	+1	0.56683941953
+1	+1	0.588212208193
-1	+1	0.659694367729
+1	+1	0.554213882711
+1	+1	0.661519649042
+1	+1	0.776286151938
-1	-1	0.874028248312
-1	-1	0.538401072448
+1	+1	0.507944261748
+1	+1	0.899287573375
-1	-1	0.988023787966
+1	-1	0.539354160934
-1	-1	0.562839498804
+1	+1	0.862096605856
-1	-1	0.644836434086
-1	+1	0.841734397723
+1	+1	0.815736850639
+1	+1	0.585713872992
+1	-1	0.630793736422
-1	+1	0.537479371688
-1	+1	0.729886420369
+1	+1	0.512824772982
+1	-1	0.940425372342
-1	-1	0.754255454677
-1	-1	0.562839498804
+1	-1	0.699896222392
-1	-1	0.987067506483
+1	+1	0.687774450921
+1	+1	0.918793614091
-1	-1	0.685327436601
-1	-1	0.610884616667
-1	-1	0.631360723274
+1	+1	0.895793521929
+1	+1	0.807326775863
-1	-1	0.745742715389
-1	-1	0.586019672151
+1	+1	0.553564908848
+1	-1	0.900855027784
-1	-1	0.668851023979
+1	-1	0.839445466051
-1	-1	0.905949210473
-1	-1	0.661711084387
-1	-1	0.930166140823
+1	+1	0.687506010387
+1	+1	0.722550748812
+1	+1	0.570152340936
-1	-1	0.733969718679
+1	+1	0.725391273155
-1	-1	0.937496512158
-1	-1	0.87727667901
+1	-1	0.521113089265
-1	-1	0.923731493053
-1	+1	0.748181421575
+1	+1	0.511605952968
-1	-1	0.942065534052
-1	-1	0.626733961528
-1	-1	0.811705959876
-1	+1	0.699566636938
-1	-1	0.640187909077
-1	-1	0.525796811884
-1	-1	0.703939625868
+1	-1	0.778887475066
-1	+1	0.861425692564
-1	+1	0.563879515071
-1	+1	0.953756962314
-1	+1	0.512844469716
+1	+1	0.751937996235
-1	-1	0.672364346555
-1	-1	0.858495347527
+1	+1	0.579836861233
+1	-1	0.513296196782
-1	-1	0.578668067038
-1	-1	0.790713199277
+1	-1	0.549838446276
+1	-1	0.647913506284
+1	+1	0.677219236808
-1	+1	0.594326030907
+1	-1	0.58804237497
-1	-1	0.862070338877
-1	-1	0.9548296666
+1	-1	0.61412236869
+1	+1	0.672415401135
-1	+1	0.737263995654
-1	-1	0.553090233442
-1	+1	0.544232883222
-1	-1	0.789803245924
+1	-1	0.501758333109
+1	-1	0.631753552983
+1	-1	0.715579490926
+1	+1	0.783630233025
+1	+1	0.570748283846
-1	-1	0.963169884134
-1	+1	0.942468374772
+1	-1	0.643144415578
+1	+1	0.628399188758
+1	-1	0.728188851604
+1	-1	0.800435691412
+1	-1	0.512851046788
+1	-1	0.506006480341
+1	-1	0.591335220037
+1	+1	0.707400619677
-1	+1	0.547199201826
+1	-1	0.512351771431
-1	+1	0.514359537575
+1	-1	0.602352961988
+1	+1	0.556116056698
+1	-1	0.945948476057
+1	-1	0.59130361617
-1	+1	0.926989071877
+1	-1	0.856835829103
-1	+1	0.702791483367
+1	+1	0.849365827718
+1	-1	0.510120832561
-1	-1	0.592457338019
+1	-1	0.541820945247
-1	-1	0.583281391292
+1	+1	0.886721735538
+1	-1	0.877216995583
-1	-1	0.672269383729
+1	-1	0.5218663086
+1	-1	0.680686903023
+1	+1	0.532477861376
+1	-1	0.703908854779
+1	+1	0.762942895572
-1	-1	0.5922638263
-1	-1	0.954406336411
-1	-1	0.806593525188
-1	-1	0.903665610864
+1	-1	0.766168961673
-1	-1	0.869235128198
+1	-1	0.963440152936
+1	-1	0.925137444187
-1	-1	0.732604575124
-1	+1	0.729794003029
-1	-1	0.517064813965
-1	-1	0.902728510445
+1	-1	0.811299972688
+1	-1	0.567943335664
-1	-1	0.697472296264
+1	+1	0.653442560596
+1	+1	0.793675573561
-1	+1	0.736386206825
+1	+1	0.836601092061
+1	-1	0.536187354016
-1	-1	0.74188157887
+1	+1	0.941808627351
+1	+1	0.688819585834
+1	+1	0.827290749448
+1	-1	0.681592912972
-1	+1	0.588039375032
-1	-1	0.612098696587
-1	-1	0.716728328014
+1	+1	0.869374714858
+1	+1	0.762263350901
+1	+1	0.679228402645
+1	+1	0.893364216134
+1	+1	0.858509318533
+1	-1	0.728963809505
-1	-1	0.59278842543
-1	+1	0.533956323212
-1	-1	0.581342555833
-1	-1	0.685684196529
-1	-1	0.582039917389
-1	+1	0.753436978863
+1	+1	0.545004667361
+1	-1	0.650958253737
-1	-1	0.892636277087
+1	+1	0.75012022627
-1	+1	0.589625994332
+1	+1	0.643372116748
-1	-1	0.585773994945
-1	-1	0.932902923944
-1	-1	0.546424142519
-1	-1	0.621040998648
+1	+1	0.571548676066
+1	-1	0.867045968662
-1	-1	0.869423035272
-1	-1	0.706357785147
+1	-1	0.61847167425
+1	-1	0.657203467584
+1	+1	0.53790150528
+1	-1	0.758786876013
+1	+1	0.610510557584
-1	-1	0.548034051878
-1	-1	0.949066193463
-1	-1	0.832580743543
-1	+1	0.523637766857
+1	-1	0.677077684791
+1	-1	0.54239440648
-1	-1	0.775852920158
-1	-1	0.721646781106
+1	+1	0.687290436075
-1	-1	0.788248337325
+1	+1	0.866283342468
-1	-1	0.773282935946
+1	+1	0.758605313979
-1	-1	0.830586372223
+1	+1	0.985250117382
+1	+1	0.816609201638
+1	+1	0.735132400128
+1	+1	0.795305505702
+1	+1	0.753176305761
-1	-1	0.549072784508
+1	-1	0.739579737871
+1	+1	0.82962780815
+1	-1	0.831450871264
+1	+1	0.815990994028
-1	-1	0.948890169555
+1	-1	0.615737517541
-1	+1	0.549452663708
+1	-1	0.584827592089
-1	-1	0.862346235522
+1	+1	0.641775347426
-1	+1	0.583950954108
+1	+1	0.813516845394
-1	+1	0.641578047675
-1	-1	0.775492345711
+1	-1	0.612809737213
-1	+1	0.508093964991
+1	-1	0.51328515188
+1	-1	0.599374046257
-1	-1	0.571762197235
-1	-1	0.857445581942
+1	+1	0.971094733887
+1	-1	0.83179165745
+1	+1	0.711306543091
+1	+1	0.853309251569
-1	-1	0.871258359402
+1	-1	0.746048566688
+1	+1	0.647915362108
+1	+1	0.681563298101
+1	-1	0.865259506939
+1	+1	0.617973744882
-1	-1	0.624287856842
+1	+1	0.904031564255
-1	-1	0.679998127245
+1	-1	0.508885780183
-1	-1	0.506456308386
+1	-1	0.886747136122
-1	-1	0.912140875175
+1	+1	0.609524487124
-1	-1	0.738109818197
+1	+1	0.629792040775
+1	-1	0.574865675989
+1	-1	0.975478679371
-1	-1	0.978584213404
-1	-1	0.7626772499
-1	-1	0.719991804548
-1	+1	0.534501559498
+1	+1	0.816976023605
+1	+1	0.63490449525
+1	+1	0.703952730492
+1	+1	0.557131392925
-1	-1	0.626336763797
-1	+1	0.556254069932
+1	-1	0.691475004068
+1	+1	0.716227072874
-1	-1	0.514845422722
+1	-1	0.812490071085
-1	-1	0.936143443878
+1	+1	0.508263420889
-1	+1	0.827581828189
+1	-1	0.608552207322
+1	+1	0.717850413618
-1	-1	0.567771207704
-1	-1	0.774251685352
+1	+1	0.672112305271
+1	-1	0.538267745809
-1	+1	0.547944108706
-1	-1	0.840940066596
-1	-1	0.889133968026
-1	-1	0.879361248394
+1	+1	0.590082580802
-1	-1	0.703781240532
+1	+1	0.997261917135
-1	-1	0.725958802002
-1	-1	0.600755971844
+1	+1	0.510223010825
-1	-1	0.531214958215
-1	-1	0.95229844766
+1	-1	0.53299162573
-1	-1	0.521538187066
-1	-1	0.530596740676
+1	-1	0.63018987644
-1	-1	0.682594709279
-1	-1	0.561327696803
-1	+1	0.543112479139
-1	+1	0.74371012788
+1	+1	0.595344585167
+1	+1	0.561338189848
-1	-1	0.653607452616
-1	+1	0.670261108777
-1	-1	0.890920251214
-1	+1	0.515056911601
-1	-1	0.873761396787
-1	-1	0.533749745229
+1	+1	0.558055299014
+1	+1	0.603899932884
+1	+1	0.639512894935
-1	-1	0.619224787007
+1	+1	0.64219476452
+1	+1	0.630225852812
-1	-1	0.532372211884
-1	-1	0.836374875338
-1	-1	0.852919988441
+1	-1	0.635710192839
-1	+1	0.596059469106
+1	-1	0.59612251108
-1	+1	0.908169971064
+1	-1	0.581887011369
-1	-1	0.563933176312
-1	+1	0.766417020241
-1	-1	0.716176153978
+1	+1	0.676226758865
+1	+1	0.914085213061
+1	+1	0.735582051313
+1	+1	0.998990968433
-1	+1	0.573106973905
-1	-1	0.752267797708
-1	+1	0.801180679104
+1	+1	0.67169756676
-1	-1	0.795870664582
+1	+1	0.712545683076
-1	-1	0.965081580935
-1	-1	0.648217058473
-1	-1	0.706093062161
+1	-1	0.591622435997
-1	+1	0.539053444908
+1	+1	0.73373562507
+1	-1	0.741054646857
-1	+1	0.593127026252
-1	-1	0.84596830708
-1	+1	0.969396600582
+1	-1	0.654825844151
-1	+1	0.502853127563
+1	+1	0.80064339602
+1	+1	0.601875682565
+1	+1	0.571744733927
-1	-1	0.604471948706
-1	-1	0.818605573102
-1	-1	0.587663078699
+1	+1	0.752779668123
+1	-1	0.866495302266
-1	-1	0.893553514105
+1	-1	0.630880222855
-1	+1	0.779860508873
-1	-1	0.71772463665
+1	+1	0.861749684797
+1	-1	0.603761664983
+1	+1	0.562518087964
+1	-1	0.676908925531
+1	-1	0.618801821734
-1	+1	0.616093682396
-1	-1	0.956152804133
-1	+1	0.70960881392
+1	-1	0.50070607016
+1	-1	0.652816739707
+1	-1	0.593620734836
+1	+1	0.920309375914
+1	-1	0.627854727365
+1	+1	0.593424996019
+1	+1	0.937179592931
-1	-1	0.548334843336
+1	-1	0.84342507684
+1	-1	0.823943377068
+1	+1	0.511368318548
-1	-1	0.710159704146
+1	+1	0.902255247953
-1	-1	0.864971816563
-1	+1	0.62878709032
-1	+1	0.693453736019
-1	+1	0.508056612168
-1	-1	0.810479185396
+1	+1	0.786542726759
+1	+1	0.590359193524
-1	-1	0.573059040827
-1	+1	0.840708347114
+1	-1	0.674858204231
-1	-1	0.861902739164
-1	-1	0.886777388773
+1	+1	0.540667632183
+1	+1	0.569525341163
-1	-1	0.987836815206
+1	+1	0.807239513024
-1	-1	0.539116922042
+1	+1	0.68351831354
-1	+1	0.613525354714
-1	+1	0.533646501846
+1	+1	0.5853638264
+1	+1	0.642762061655
+1	+1	0.565795419737
-1	+1	0.532208630781
+1	-1	0.789389444131
-1	-1	0.625577292762
+1	+1	0.756971947766
-1	-1	0.538331671358
-1	-1	0.738230770916
+1	+1	0.68101553032
-1	-1	0.903976908627
+1	-1	0.901462638599
-1	-1	0.820476535205
-1	-1	0.605447289444
-1	-1	0.58659810013
-1	-1	0.821136722358
-1	+1	0.54190785094
-1	-1	0.779283572388
-1	-1	0.920663610963
-1	+1	0.733345476488
+1	+1	0.63266131625
-1	-1	0.780957643779
-1	-1	0.562839498804
-1	-1	0.546485683193
+1	+1	0.650650595215
+1	+1	0.578820484807
+1	-1	0.623840949304
-1	-1	0.912674771401
+1	+1	0.506775871898
+1	+1	0.614526460177
-1	-1	0.845385389976
+1	-1	0.892837834225
+1	-1	0.841813976822
+1	-1	0.687768384586
+1	-1	0.59748076802
+1	-1	0.619554247708
+1	+1	0.705535552161
+1	+1	0.664240161747
-1	+1	0.584621369502
+1	+1	0.795310826251
-1	+1	0.54339087794
+1	-1	0.591161620423
+1	+1	0.74421657878
-1	-1	0.739165077474
-1	-1	0.926912678699
+1	+1	0.517020934559
+1	-1	0.682407569109
-1	-1	0.84534550612
+1	+1	0.605595914934
-1	-1	0.8540864688
-1	-1	0.738181866702
-1	-1	0.555256551122
-1	-1	0.841976270878
-1	-1	0.981208755978
+1	-1	0.51730990759
+1	-1	0.917612021852
-1	+1	0.577805939374
+1	+1	0.634561237107
+1	-1	0.653367181178
-1	-1	0.884786671834
-1	-1	0.786851397052
-1	+1	0.669177471222
+1	-1	0.918043243247
+1	+1	0.700577921558
+1	+1	0.672105543672
+1	+1	0.609121164424
-1	-1	0.641529176122
+1	+1	0.808173508339
+1	-1	0.587060106747
-1	-1	0.921466648247
-1	-1	0.523733151411
-1	-1	0.862849307541
+1	-1	0.664152382165
+1	-1	0.589903203316
+1	+1	0.504241148844
+1	-1	0.531896391614
+1	+1	0.636615157964
-1	+1	0.706317959998
+1	-1	0.632451945429
-1	-1	0.777861439659
-1	-1	0.843964341994
-1	-1	0.758069646561
+1	-1	0.526484111233
+1	-1	0.636543818267
-1	-1	0.826794374187
+1	+1	0.503630855566
+1	+1	0.504337368006
-1	-1	0.61745562576
+1	+1	0.845616010666
+1	+1	0.547871960045
-1	-1	0.913181009723
-1	+1	0.642315849618
-1	+1	0.800022201777
-1	-1	0.518355598622
+1	-1	0.885745412299
-1	-1	0.704341692467
-1	-1	0.616296389058
+1	-1	0.519906696998
+1	-1	0.602914291496
+1	+1	0.752780539823
+1	+1	0.788621370457
-1	-1	0.74612395306
+1	-1	0.655128450889
+1	-1	0.633638806891
-1	-1	0.759900736051
-1	+1	0.530630258697
-1	-1	0.661303068261
-1	+1	0.601625023349
-1	-1	0.66773053477
+1	+1	0.856051410383
-1	-1	0.818966107792
+1	-1	0.529644538048
-1	-1	0.890853395446
+1	+1	0.748402515948
-1	+1	0.631752824076
-1	+1	0.511515803008
+1	-1	0.798238995872
+1	-1	0.643958569055
+1	+1	0.650631861996
-1	+1	0.662610866587
-1	+1	0.516778787402
-1	-1	0.809744882679
+1	-1	0.881478204228
+1	+1	0.662259940887
-1	-1	0.68560735655
-1	+1	0.888951442904
-1	+1	0.601824247033
-1	-1	0.788340249676
-1	-1	0.613449111462
+1	-1	0.632829125931
+1	-1	0.907116739134
-1	-1	0.727183313839
+1	+1	0.932141089456
+1	-1	0.606117767564
+1	-1	0.533338238696
-1	-1	0.692788607538
+1	+1	0.956276977652
+1	+1	0.777120928353
-1	-1	0.528335034789
+1	+1	0.635567762048
+1	-1	0.546110567823
-1	+1	0.639986298557
-1	-1	0.789409864899
+1	-1	0.600752428435
+1	+1	0.755226409899
-1	-1	0.526641907426
-1	-1	0.82143904584
-1	-1	0.954585242207
-1	-1	0.895680459749
-1	-1	0.790664358978
-1	+1	0.839809828276
+1	+1	0.520246220827
+1	+1	0.803472600607
+1	-1	0.699411757864
+1	+1	0.784462563255
+1	-1	0.611321150379
-1	-1	0.662829631788
+1	+1	0.926215027883
-1	-1	0.838959671088
+1	+1	0.799727710334
+1	-1	0.911469308601
+1	+1	0.92986159359
-1	-1	0.531294812732
+1	-1	0.720004796178
-1	-1	0.568169375151
+1	-1	0.77645702651
-1	-1	0.786574099651
-1	-1	0.516562918238
+1	+1	0.941528214718
+1	+1	0.705397432039
+1	-1	0.829846120658
-1	+1	0.659156114846
-1	+1	0.885514271213
-1	-1	0.747872436747
+1	+1	0.72974904847
+1	+1	0.751748164523
+1	+1	0.615009320492
-1	-1	0.544641052105
-1	-1	0.768063443641
-1	-1	0.878010790831
+1	+1	0.709430613809
-1	+1	0.528129103472
+1	+1	0.799553196368
-1	-1	0.710819399252
-1	-1	0.699440733798
-1	+1	0.596233030163
-1	-1	0.703579942545
-1	-1	0.921595447431
+1	+1	0.799248746866
+1	-1	0.66997671509
+1	+1	0.898565229911
-1	-1	0.642570369029
-1	-1	0.551073303336
-1	-1	0.711280842057
-1	+1	0.519863479867
-1	+1	0.570655794991
-1	-1	0.94863417218
+1	+1	0.553527888161
-1	-1	0.680625531103
-1	-1	0.98002772655
-1	-1	0.51826188214
+1	+1	0.800016664968
+1	+1	0.972008949518
+1	-1	0.642582973317
-1	-1	0.692560676883
-1	-1	0.904698893975
+1	+1	0.594710222964
+1	+1	0.607744110316
+1	-1	0.73319856825
-1	-1	0.838500511912
-1	-1	0.597922031384
+1	-1	0.74942605511
-1	-1	0.712540043421
-1	-1	0.974362686987
+1	-1	0.600277635342
+1	+1	0.735007614734
+1	+1	0.813952063347
+1	-1	0.745070512051
-1	-1	0.930742165808
-1	-1	0.824183021945
+1	+1	0.714317077869
+1	-1	0.607786086017
-1	-1	0.779787942576
+1	-1	0.672285489377
+1	-1	0.632656503257
+1	+1	0.563517581214
+1	-1	0.541820945247
-1	-1	0.920826179065
+1	-1	0.761507469853
-1	-1	0.542998341912
+1	-1	0.756861452205
-1	-1	0.600550111108
+1	-1	0.588605384094
+1	+1	0.886860064335
+1	+1	0.536055044124
+1	-1	0.595160276583
+1	+1	0.933531291881
-1	+1	0.551754466209
+1	-1	0.649610294353
-1	-1	0.811232901403
-1	-1	0.945427428661
-1	-1	0.670581726977
+1	+1	0.558849495914
-1	+1	0.574206842471
-1	-1	0.606334106175
+1	+1	0.896084830773
+1	-1	0.733562641602
-1	+1	0.509068114359
-1	+1	0.595597121138
-1	-1	0.701251676508
+1	-1	0.632011583876
-1	+1	0.859157136574
-1	-1	0.823909465206
-1	+1	0.680081942574
+1	+1	0.92001537232
-1	-1	0.882817217313
+1	+1	0.772252965747
+1	+1	0.574787242313
+1	+1	0.572194053124
-1	-1	0.977093436855
+1	-1	0.853725876914
+1	+1	0.898116974494
-1	-1	0.613969960679
-1	-1	0.814162688104
+1	-1	0.514152261698
+1	+1	0.651080447415
-1	-1	0.598539486662
-1	+1	0.558549361852
